Test Date/E120/N22/N22.asc
ncols        1201
nrows        1201
xllcorner    119.999583333333
yllcorner    21.999583333333
cellsize     0.000833333333
NODATA_value -32767
[rows 583 to 635 of 1201, columns 768 to 863 of 1201]
226 250 240 268 249 285 372 375 433 461 488 540 591 628 631 577 605 669 687 670 669 636 605 597 565 550 502 527 579 611 642 688 754 810 809 791 802 792 785 759 739 726 669 623 582 532 491 470 427 432 461 518 571 586 632 680 724 767 780 776 780 790 803 830 872 958 995 1049 1111 1100 1099 1084 1063 1042 1017 1001 1006 1023 1016 1021 1030 1062 1020 975 961 962 962 929 895 993 1036 1112 1121 1085 1023 1057
252 288 303 323 304 285 343 409 445 462 529 544 581 666 653 633 620 667 738 723 683 685 667 643 623 588 544 530 590 630 668 704 756 800 844 851 833 817 789 768 756 740 678 636 603 554 518 492 447 429 443 474 525 539 580 650 698 748 822 843 860 867 890 922 954 1027 1075 1110 1171 1195 1192 1173 1139 1106 1086 1072 1073 1081 1098 1097 1094 1125 1095 1052 1043 1027 998 985 940 981 1019 1142 1179 1179 1132 1151
285 293 347 357 350 333 309 361 429 456 483 539 588 662 692 690 676 704 758 738 718 723 703 671 633 614 573 563 581 654 683 715 780 823 865 872 841 825 793 773 756 739 676 637 634 588 548 523 468 428 440 448 520 532 563 630 685 736 832 858 905 914 949 979 1013 1064 1088 1113 1170 1216 1239 1217 1177 1151 1132 1123 1120 1121 1148 1148 1156 1174 1142 1093 1112 1064 1028 1021 960 989 1039 1155 1214 1258 1248 1229
327 340 334 384 376 358 362 384 429 468 507 556 607 659 714 718 734 744 791 770 752 753 719 688 656 629 616 599 599 640 698 727 800 835 873 883 845 821 791 761 740 723 677 663 656 610 568 544 500 435 436 448 505 514 519 604 662 719 822 859 907 930 966 988 1019 1016 1042 1065 1128 1200 1255 1256 1214 1189 1183 1179 1182 1185 1180 1196 1218 1211 1198 1182 1140 1106 1078 1047 983 1042 1074 1180 1252 1309 1321 1275
389 393 396 430 421 426 414 461 501 499 497 537 569 649 670 669 726 792 813 821 817 798 748 716 682 664 684 669 674 665 698 741 796 846 886 893 863 826 795 749 734 731 704 685 661 615 587 572 530 495 461 479 486 496 532 556 631 695 794 818 843 865 902 926 960 970 994 1023 1090 1145 1206 1266 1287 1254 1254 1260 1247 1250 1246 1259 1275 1259 1240 1225 1170 1135 1102 1055 1067 1094 1153 1245 1301 1359 1339 1289
333 364 388 428 438 441 446 458 458 502 533 549 586 614 628 657 708 759 809 862 834 822 777 740 712 711 719 717 716 694 705 753 810 869 912 918 878 842 821 764 727 708 674 668 659 598 582 575 556 502 482 510 520 529 560 543 601 669 736 757 777 815 851 877 914 921 945 988 1073 1124 1174 1227 1291 1321 1323 1300 1315 1316 1291 1302 1309 1284 1267 1252 1183 1134 1090 1075 1137 1165 1207 1281 1350 1407 1369 1334
289 304 345 386 388 384 412 418 430 453 490 499 531 563 616 626 674 740 762 840 868 863 816 777 764 759 748 764 740 729 742 761 834 885 934 942 909 872 847 784 747 729 679 646 623 576 542 542 526 517 521 555 561 567 577 559 566 619 682 705 715 762 797 830 872 878 925 978 1063 1116 1164 1208 1277 1332 1375 1358 1359 1356 1340 1352 1340 1316 1301 1282 1192 1157 1132 1112 1209 1223 1259 1349 1408 1452 1401 1374
240 256 315 377 363 348 369 402 422 438 470 449 490 561 585 637 681 727 735 804 868 907 853 822 821 820 801 804 777 772 791 810 862 908 961 964 926 887 849 795 768 746 714 683 658 593 545 571 604 575 550 589 595 612 591 575 572 576 603 634 660 700 735 780 817 839 899 956 1035 1097 1140 1197 1253 1311 1384 1415 1400 1398 1406 1395 1367 1333 1320 1309 1228 1201 1175 1163 1226 1244 1289 1392 1452 1496 1462 1436
196 204 214 324 329 310 320 367 364 411 444 408 431 507 548 582 639 698 701 800 837 857 858 896 897 887 868 850 838 820 856 892 930 963 990 982 930 897 867 803 771 759 754 723 700 630 573 597 665 615 598 634 652 648 626 605 645 640 636 631 635 649 668 723 770 820 888 946 1044 1103 1156 1200 1248 1297 1370 1477 1488 1483 1464 1426 1390 1368 1355 1341 1293 1262 1248 1256 1277 1292 1345 1439 1509 1547 1496 1476
150 151 172 287 296 261 272 316 347 395 404 372 392 497 552 618 661 642 704 779 790 805 831 885 909 919 900 881 877 875 902 946 982 1005 1008 996 951 916 878 810 799 789 776 765 722 646 591 612 676 650 635 654 688 679 646 651 699 694 695 694 696 707 682 712 773 847 916 969 1065 1117 1151 1189 1234 1281 1353 1458 1518 1519 1471 1437 1413 1394 1378 1365 1328 1310 1294 1311 1343 1358 1396 1475 1550 1535 1496 1478
98 113 142 240 273 241 289 308 316 332 333 335 408 511 560 607 622 635 699 745 760 768 797 841 867 907 932 916 910 911 938 963 1000 1029 1030 1019 983 946 909 845 817 795 772 763 740 662 633 618 688 694 673 688 719 700 660 697 743 768 748 755 772 767 719 733 783 851 901 948 1052 1115 1157 1196 1242 1291 1353 1451 1507 1530 1487 1469 1446 1421 1402 1391 1365 1359 1353 1363 1395 1408 1443 1523 1538 1512 1469 1445
140 137 105 172 191 200 217 269 252 266 266 322 385 466 523 566 566 631 664 730 742 744 755 788 797 865 895 885 880 886 895 928 982 1024 1041 1043 1008 970 924 860 844 810 787 766 734 694 683 642 713 764 733 737 736 709 701 770 813 835 830 838 844 816 761 814 837 890 933 994 1062 1104 1152 1199 1250 1295 1361 1467 1523 1539 1532 1522 1511 1467 1448 1436 1413 1418 1414 1417 1447 1463 1501 1515 1486 1450 1404 1391
201 171 126 135 145 134 209 224 213 204 259 297 355 439 497 499 542 598 639 710 720 736 732 748 781 832 860 857 851 846 889 929 985 1025 1055 1079 1034 1000 954 881 866 824 803 783 760 726 714 689 691 810 785 776 749 732 749 811 846 880 871 885 884 847 787 848 886 941 979 988 1071 1117 1155 1200 1260 1308 1369 1467 1514 1545 1571 1550 1538 1504 1477 1466 1448 1446 1440 1435 1469 1486 1513 1482 1450 1418 1377 1364
244 204 168 132 131 145 149 149 158 179 234 295 374 429 434 461 534 566 625 671 681 711 698 722 763 816 828 823 824 839 886 926 978 1022 1046 1087 1051 1012 962 891 873 838 821 806 800 757 754 735 695 835 841 807 784 774 810 865 905 923 897 918 923 868 825 860 916 975 1019 1028 1082 1134 1173 1214 1279 1329 1394 1478 1521 1539 1603 1590 1574 1538 1515 1500 1471 1479 1467 1459 1481 1496 1494 1454 1428 1402 1362 1351
289 259 232 224 225 194 119 151 148 152 247 285 295 341 390 456 503 556 605 610 601 610 630 665 715 763 762 765 778 844 879 918 969 1016 1044 1103 1059 1016 980 930 913 887 862 846 826 793 777 762 768 864 918 883 840 819 871 940 958 971 961 968 952 919 941 917 944 1020 1058 1080 1111 1141 1185 1237 1278 1330 1401 1488 1532 1549 1623 1628 1612 1590 1593 1574 1531 1536 1507 1504 1488 1478 1458 1426 1412 1387 1338 1327
327 291 265 246 225 216 199 219 178 141 194 221 271 340 393 449 501 550 572 550 546 544 587 646 712 717 716 751 773 836 874 919 974 1016 1047 1108 1059 1025 1001 953 940 924 889 872 833 798 788 809 813 877 938 922 877 865 909 981 1004 1007 993 991 966 966 999 1005 982 1054 1079 1105 1146 1180 1226 1275 1318 1370 1416 1488 1535 1552 1598 1587 1580 1555 1595 1610 1573 1558 1557 1535 1492 1482 1459 1421 1404 1373 1324 1307
352 323 300 254 252 257 262 255 216 160 173 229 265 337 389 433 473 527 532 500 497 504 548 643 675 664 704 743 762 823 847 905 974 1017 1040 1105 1061 1034 1019 968 971 959 925 882 840 832 831 842 847 901 962 953 920 918 925 1011 1042 1035 1045 1030 1008 1001 1046 1050 1044 1065 1096 1136 1185 1211 1246 1300 1344 1402 1442 1493 1535 1552 1564 1556 1546 1525 1532 1540 1519 1503 1509 1530 1494 1482 1455 1417 1394 1353 1297 1279
390 382 353 322 334 351 336 310 247 212 175 173 243 333 383 419 476 500 469 428 403 439 498 598 617 656 704 725 732 779 814 869 938 992 1014 1072 1083 1052 1022 982 996 992 961 921 894 885 883 909 895 963 973 996 994 988 994 1014 1064 1094 1100 1097 1098 1083 1105 1095 1101 1119 1098 1138 1203 1261 1312 1366 1399 1447 1498 1535 1530 1519 1503 1498 1479 1473 1473 1470 1443 1442 1450 1470 1481 1474 1443 1411 1380 1338 1271 1253
391 429 385 390 405 397 360 323 283 255 206 161 198 293 369 416 441 457 414 366 395 457 486 533 606 640 686 721 751 804 860 888 941 991 1016 1075 1078 1049 1014 987 993 990 966 940 927 920 920 943 958 1026 1018 1028 1047 1045 1057 1072 1101 1119 1120 1144 1134 1125 1144 1137 1162 1169 1106 1137 1198 1265 1335 1399 1447 1509 1514 1483 1474 1467 1447 1437 1416 1385 1389 1391 1380 1377 1381 1399 1449 1459 1441 1402 1369 1331 1264 1247
404 464 442 443 445 414 357 311 280 279 248 200 159 278 358 376 394 415 371 381 448 495 499 542 597 622 641 703 733 822 866 904 959 1002 1023 1061 1076 1037 1000 978 978 978 968 955 953 965 961 990 995 1057 1064 1061 1087 1109 1109 1119 1137 1146 1146 1164 1165 1162 1182 1189 1211 1182 1120 1157 1248 1316 1396 1454 1488 1492 1469 1445 1417 1411 1383 1367 1354 1323 1324 1328 1313 1297 1314 1346 1407 1427 1441 1390 1359 1321 1263 1245
405 458 504 488 468 431 349 324 308 254 217 167 203 298 324 318 344 382 328 394 451 498 523 596 640 677 684 720 745 822 871 920 975 1014 1032 1068 1099 1055 1011 1006 1003 1002 1006 981 997 1013 1018 1037 1058 1115 1113 1137 1145 1151 1169 1176 1199 1208 1218 1219 1219 1223 1246 1230 1207 1178 1126 1178 1283 1350 1420 1474 1483 1459 1436 1406 1383 1370 1348 1314 1287 1266 1269 1271 1258 1221 1234 1263 1331 1356 1404 1411 1383 1344 1290 1277
447 490 520 487 448 404 356 314 272 225 180 205 257 257 228 288 286 312 361 427 467 516 536 636 686 725 756 776 788 853 880 916 988 1028 1053 1053 1082 1100 1071 1078 1081 1083 1059 1034 1044 1093 1095 1117 1138 1185 1185 1182 1218 1204 1213 1255 1272 1284 1310 1302 1313 1302 1294 1257 1230 1201 1150 1192 1297 1386 1439 1457 1438 1415 1391 1352 1339 1328 1296 1268 1230 1198 1200 1200 1192 1150 1152 1200 1302 1324 1397 1433 1392 1352 1309 1295
430 497 517 481 434 382 331 308 269 251 202 205 193 196 234 280 314 339 383 463 503 532 553 641 686 730 785 819 831 884 909 931 1005 1018 1011 1001 1035 1074 1094 1127 1132 1123 1091 1081 1082 1133 1142 1159 1188 1229 1229 1233 1252 1248 1232 1300 1319 1344 1357 1364 1357 1335 1293 1269 1241 1210 1161 1206 1295 1368 1445 1443 1415 1389 1367 1323 1306 1300 1252 1238 1201 1170 1169 1166 1151 1099 1119 1147 1274 1311 1370 1446 1410 1367 1317 1302
488 505 490 460 427 383 327 302 275 260 254 252 244 212 225 222 241 318 399 479 507 536 554 615 664 715 767 806 820 888 923 952 992 982 976 967 988 1033 1068 1126 1139 1161 1128 1122 1133 1153 1171 1197 1222 1266 1265 1269 1280 1284 1265 1313 1353 1393 1413 1409 1385 1344 1316 1291 1263 1207 1175 1218 1309 1394 1433 1423 1392 1366 1337 1301 1274 1270 1211 1198 1170 1134 1129 1126 1105 1061 1067 1110 1276 1304 1348 1411 1395 1362 1312 1297
458 516 500 464 439 415 371 342 331 310 304 303 281 278 290 284 232 293 374 408 432 476 504 547 605 636 710 736 751 815 850 899 936 929 923 904 932 971 1014 1081 1099 1093 1098 1113 1118 1143 1160 1186 1223 1271 1303 1330 1336 1355 1334 1350 1383 1421 1461 1457 1430 1413 1381 1344 1292 1248 1204 1245 1338 1388 1401 1385 1362 1328 1298 1264 1223 1213 1178 1141 1127 1070 1040 1044 1050 1002 997 1093 1259 1282 1321 1350 1357 1350 1322 1308
437 489 524 501 473 429 409 353 370 361 346 328 317 343 337 290 241 283 342 351 380 393 452 499 553 581 658 691 701 758 811 858 885 895 890 859 895 929 989 1053 1064 1061 1048 1068 1078 1117 1135 1176 1212 1251 1288 1314 1346 1384 1386 1401 1424 1450 1485 1476 1464 1449 1419 1361 1319 1272 1224 1248 1323 1362 1381 1360 1329 1308 1272 1233 1194 1182 1156 1124 1087 1042 1009 996 1002 954 989 1100 1224 1250 1284 1305 1313 1325 1320 1312
444 476 528 519 483 478 435 388 416 390 384 358 363 391 360 302 270 247 286 277 308 354 402 460 496 512 586 619 642 715 766 813 825 837 840 821 852 888 957 1021 1032 1027 1000 1029 1039 1068 1086 1130 1176 1234 1266 1281 1316 1361 1398 1434 1463 1481 1496 1484 1459 1430 1406 1364 1317 1270 1262 1295 1319 1357 1352 1330 1306 1278 1245 1202 1173 1157 1124 1108 1067 1019 973 959 941 911 1009 1116 1191 1212 1251 1267 1268 1281 1305 1302
405 452 508 576 575 550 462 458 460 453 407 407 417 456 425 361 295 305 316 352 343 317 317 392 414 426 481 545 578 652 687 734 753 761 765 759 802 848 903 964 967 969 954 977 981 1015 1035 1072 1120 1191 1235 1266 1278 1290 1337 1394 1440 1469 1465 1445 1423 1405 1359 1335 1301 1298 1313 1329 1366 1359 1334 1303 1269 1237 1207 1161 1133 1115 1055 1047 1031 986 972 953 882 887 970 1034 1127 1157 1189 1205 1207 1211 1234 1253
418 468 520 576 612 592 493 467 477 479 439 456 466 471 413 356 301 342 381 416 386 391 372 348 365 378 453 515 543 595 632 682 710 714 718 712 776 826 873 913 912 921 920 931 938 986 1007 1052 1093 1189 1235 1256 1258 1263 1308 1381 1429 1432 1421 1412 1396 1377 1365 1325 1320 1313 1331 1356 1365 1349 1326 1296 1262 1223 1186 1125 1089 1076 1023 998 994 964 938 923 862 870 949 1011 1144 1163 1174 1163 1148 1147 1181 1199
434 456 489 531 588 604 516 490 504 500 490 510 483 440 401 360 330 378 425 458 452 450 433 410 389 407 402 464 489 542 576 608 659 664 672 687 741 796 839 858 854 869 883 887 897 952 974 1016 1085 1174 1210 1215 1213 1230 1276 1364 1402 1394 1377 1366 1363 1364 1355 1355 1365 1336 1345 1374 1374 1343 1318 1280 1251 1218 1183 1133 1100 1083 1021 978 943 921 903 891 835 855 921 1000 1115 1131 1142 1130 1107 1099 1130 1147
403 440 467 506 558 600 573 540 538 549 552 506 484 448 409 363 366 426 462 525 535 528 506 477 461 461 479 482 495 577 634 686 746 733 733 741 711 742 767 795 806 836 859 910 921 978 999 1047 1090 1110 1139 1144 1178 1231 1286 1348 1355 1328 1300 1289 1296 1311 1344 1393 1399 1376 1383 1387 1362 1340 1316 1269 1228 1188 1159 1101 1073 1068 1051 1014 968 904 855 832 785 834 908 986 1082 1099 1094 1054 1035 1030 1058 1079
438 449 482 522 567 619 603 580 581 581 540 527 507 476 409 369 421 456 510 563 585 546 531 516 486 486 532 547 558 623 676 722 797 781 779 787 739 761 795 847 849 875 879 918 956 942 959 992 1028 1075 1105 1140 1188 1240 1297 1333 1307 1272 1255 1246 1246 1257 1297 1344 1372 1403 1407 1394 1369 1348 1335 1286 1241 1191 1153 1101 1057 1033 1001 980 945 895 849 818 767 792 864 950 1061 1064 1045 1009 989 982 1018 1029
444 452 476 530 581 634 648 612 612 596 560 537 511 476 453 398 442 489 534 603 620 578 564 538 516 509 566 597 610 662 703 755 836 825 821 826 773 746 798 886 905 915 925 960 992 986 987 1015 1025 1070 1107 1147 1205 1258 1303 1300 1267 1235 1211 1206 1200 1215 1270 1313 1339 1399 1423 1402 1373 1353 1340 1295 1254 1210 1168 1094 1058 1037 978 949 932 886 837 807 758 738 802 879 983 1000 1010 978 955 934 969 982
453 468 495 530 593 631 665 636 608 593 569 513 510 510 470 437 469 532 570 630 649 632 597 555 556 543 585 629 654 707 738 781 865 860 857 855 796 795 805 896 923 965 970 1004 1021 1021 1026 1054 1065 1105 1132 1175 1217 1260 1281 1251 1221 1215 1173 1164 1152 1168 1232 1288 1310 1348 1387 1413 1384 1355 1344 1314 1280 1240 1193 1135 1118 1074 1024 994 967 910 874 855 777 737 732 818 897 925 963 937 913 889 930 949
437 470 502 537 590 639 659 647 637 623 561 557 534 494 469 465 538 547 623 667 671 665 650 604 603 609 630 667 679 752 800 840 913 908 880 873 871 856 862 931 949 979 1054 1094 1092 1107 1101 1100 1122 1177 1197 1221 1261 1280 1254 1184 1147 1138 1127 1090 1084 1111 1188 1223 1229 1267 1293 1338 1383 1369 1358 1330 1310 1274 1232 1175 1151 1125 1069 1042 1010 960 933 871 800 743 694 729 792 810 844 862 857 832 882 892
459 488 501 531 585 639 674 665 662 646 585 566 549 524 535 517 585 593 633 688 694 699 676 644 643 648 641 685 706 768 814 869 936 913 900 915 915 907 899 969 996 1025 1091 1129 1139 1148 1149 1154 1165 1216 1246 1266 1285 1275 1233 1162 1115 1091 1088 1046 1027 1058 1139 1170 1172 1203 1236 1275 1345 1369 1350 1318 1312 1279 1236 1187 1169 1137 1085 1045 1014 960 929 867 792 741 689 691 747 762 793 819 804 792 869 886
470 511 523 571 603 629 689 687 682 659 619 595 574 590 565 538 591 646 654 700 720 728 721 697 690 690 683 678 707 786 832 882 963 942 928 935 952 953 959 991 1020 1064 1111 1158 1188 1205 1206 1208 1217 1260 1286 1308 1302 1265 1222 1153 1091 1062 1051 1010 983 991 1069 1111 1117 1152 1187 1221 1297 1361 1358 1301 1285 1268 1239 1190 1171 1130 1072 1042 1006 959 946 890 814 759 687 666 682 714 763 783 748 777 845 862
498 520 528 536 553 605 698 705 698 690 661 630 625 638 615 604 608 656 709 734 779 785 780 755 751 746 742 749 757 805 860 917 999 994 968 980 978 992 1013 1053 1062 1099 1142 1176 1214 1267 1281 1280 1285 1321 1315 1290 1258 1228 1190 1116 1072 1032 1013 988 947 921 999 1011 1022 1098 1131 1171 1257 1334 1354 1294 1274 1240 1214 1179 1165 1129 1054 1004 979 939 922 874 809 794 739 692 644 671 716 733 703 733 794 810
461 467 489 501 545 595 630 680 693 700 690 670 687 672 653 642 633 688 714 791 790 807 814 805 789 782 771 785 801 822 867 911 974 977 959 952 935 938 949 984 996 1025 1085 1115 1149 1216 1241 1283 1314 1318 1305 1276 1254 1225 1197 1120 1076 1032 1003 980 949 906 938 955 961 1016 1080 1132 1199 1268 1307 1327 1288 1263 1231 1190 1178 1137 1088 1047 1003 937 923 882 834 791 765 720 660 628 668 715 687 683 723 758
424 439 444 472 493 510 567 603 608 639 688 688 692 697 693 701 661 690 735 793 841 838 849 850 836 818 819 829 850 868 911 947 955 949 931 921 902 901 908 925 959 977 1049 1066 1116 1190 1215 1255 1297 1290 1275 1258 1232 1214 1176 1110 1068 1027 994 961 929 887 896 896 918 993 1049 1110 1202 1251 1280 1332 1296 1271 1241 1203 1188 1155 1111 1067 1019 956 926 879 825 790 744 701 672 623 641 683 664 655 686 702
372 360 380 427 416 444 489 513 576 599 584 587 591 682 740 720 690 742 760 824 867 885 895 905 889 884 886 887 890 873 875 893 906 906 885 872 844 829 836 849 877 900 976 1009 1064 1118 1163 1204 1232 1223 1229 1223 1211 1188 1161 1102 1065 1019 977 942 919 875 827 863 889 947 1009 1063 1142 1211 1228 1296 1305 1277 1246 1204 1188 1148 1093 1050 999 954 926 888 829 791 755 706 668 624 589 642 631 599 618 660
332 321 337 368 377 416 459 522 547 551 543 530 576 658 739 749 722 760 803 860 908 930 904 886 871 870 857 842 846 832 816 831 862 869 857 833 813 785 786 804 826 863 913 973 1032 1081 1131 1175 1194 1181 1181 1182 1169 1159 1132 1086 1055 1008 968 934 898 868 803 834 853 932 991 997 1113 1167 1188 1259 1292 1279 1259 1207 1191 1156 1100 1057 1013 970 954 907 832 814 774 730 704 672 605 580 599 568 573 606
267 259 291 311 327 409 442 476 487 496 481 515 579 680 746 772 779 759 804 893 918 907 891 865 842 843 803 794 804 792 767 774 816 829 825 793 787 757 738 759 793 838 907 963 1020 1069 1111 1160 1169 1146 1139 1136 1127 1121 1105 1075 1038 1001 964 931 885 863 809 796 826 908 960 961 1061 1116 1143 1234 1274 1271 1254 1208 1191 1160 1113 1072 1035 976 950 909 855 832 781 742 724 689 648 560 562 563 547 546
219 261 280 250 311 353 374 375 398 401 466 534 576 674 682 725 794 817 841 876 875 856 848 825 818 795 765 754 719 750 713 691 742 758 776 758 719 730 695 708 776 832 903 947 1014 1064 1095 1113 1121 1092 1082 1072 1058 1060 1044 1053 1036 1007 969 939 885 856 805 761 774 872 916 917 987 1053 1092 1185 1223 1223 1236 1208 1195 1167 1121 1081 1046 985 971 936 885 854 826 797 766 729 693 656 636 613 585 551
262 300 324 286 282 312 358 406 425 445 475 498 535 622 696 708 771 793 837 864 853 831 817 794 790 770 730 717 686 717 692 661 697 704 731 737 683 689 681 689 765 835 923 967 1025 1066 1085 1077 1091 1058 1044 1037 1021 1019 1013 1017 1023 996 967 933 894 859 789 756 755 837 887 893 957 1012 1043 1142 1173 1169 1197 1197 1187 1167 1125 1081 1052 1000 983 945 900 893 862 825 799 773 756 711 675 645 614 585
299 340 350 347 331 360 365 365 396 405 455 485 531 629 664 696 737 770 825 857 830 818 788 739 745 732 709 702 651 676 664 624 653 655 679 702 670 657 654 675 751 812 898 950 1008 1054 1063 1051 1061 1030 1016 989 972 972 973 978 999 972 949 935 896 852 782 757 730 798 829 854 931 983 1012 1102 1119 1123 1167 1201 1190 1171 1128 1090 1065 1025 1003 977 932 903 874 846 821 789 756 713 688 665 634 614
329 372 391 392 384 402 416 409 424 429 454 476 500 585 637 671 740 775 842 839 805 789 772 714 683 683 657 653 627 635 624 604 614 610 623 652 654 621 639 694 764 814 888 951 1015 1040 1037 1033 1037 1012 989 963 939 931 936 940 945 962 923 898 881 858 788 756 734 751 778 817 906 963 989 1043 1059 1090 1149 1202 1186 1164 1121 1084 1063 1033 1017 983 937 915 889 860 825 786 755 701 672 648 634 619
366 374 382 417 457 464 487 498 480 471 527 550 573 653 680 715 778 826 856 835 813 804 759 703 662 623 584 584 564 569 563 541 555 550 560 577 584 600 660 727 786 850 924 969 1019 1016 998 1010 1004 971 957 940 913 882 877 858 885 914 904 868 830 829 799 767 749 676 706 772 873 906 906 947 998 1071 1127 1178 1162 1134 1093 1059 1038 1007 992 962 929 890 856 827 800 775 736 667 630 610 584 567
309 332 346 375 427 452 515 526 504 504 556 588 602 651 714 747 781 798 830 796 803 777 767 700 660 623 571 557 529 520 518 502 522 543 559 579 619 646 673 732 803 866 943 982 1003 996 977 988 978 943 934 917 894 857 836 804 828 862 855 834 801 800 770 763 751 697 664 742 820 846 858 932 996 1067 1123 1169 1158 1128 1076 1041 1021 981 969 939 899 869 841 813 779 755 715 648 618 593 568 545
254 297 306 338 365 396 489 549 555 554 582 619 639 671 728 761 778 788 782 801 782 790 758 692 646 614 576 563 523 470 488 501 562 576 609 635 679 710 707 750 806 866 943 987 987 975 968 976 959 910 896 882 860 830 795 774 775 803 804 786 759 744 718 707 708 691 650 704 779 825 854 946 1012 1073 1141 1153 1139 1108 1059 1032 1004 963 945 908 876 855 823 790 760 727 689 632 604 576 552 522
288 287 308 333 372 406 472 515 578 611 644 646 656 694 740 777 772 755 733 754 733 733 732 708 656 607 536 525 509 459 521 566 605 624 652 687 745 777 795 823 854 896 972 982 958 952 934 927 914 861 827 810 796 787 765 719 679 707 726 709 683 668 648 639 640 637 626 668 755 818 856 942 1004 1073 1132 1131 1119 1080 1031 1002 978 933 915 883 850 793 761 736 702 662 634 596 570 546 522 495
337 349 348 348 393 443 477 522 568 593 671 687 699 727 768 789 795 764 752 709 689 691 670 674 657 618 558 530 487 452 534 577 639 661 700 730 775 822 844 873 898 930 982 961 934 921 906 892 872 823 797 771 752 733 725 701 658 649 685 680 643 610 589 574 590 601 645 692 777 840 860 951 1020 1093 1130 1124 1108 1075 1024 990 961 922 913 876 813 764 726 701 667 635 595 556 535 516 503 473
356 405 399 384 411 470 501 537 546 564 678 729 736 775 801 801 792 760 728 678 657 651 639 641 618 615 555 534 489 471 522 571 631 653 703 753 822 852 889 926 944 963 967 941 920 905 887 870 843 786 769 748 718 691 686 662 630 599 625 658 608 571 574 615 616 641 680 726 818 865 887 981 1046 1108 1145 1115 1103 1071 1023 992 968 925 911 868 792 761 705 662 638 606 574 528 494 487 470 446
