Test Date/E120/N22/N22.asc
ncols        1201
nrows        1201
xllcorner    119.999583333333
yllcorner    21.999583333333
cellsize     0.000833333333
NODATA_value -32767
[rows 848 to 900 of 1201, columns 768 to 863 of 1201]
0 0 0 0 2 8 28 52 70 105 91 79 61 40 40 29 27 40 69 103 98 146 113 171 134 99 91 69 70 93 95 130 170 164 155 164 210 201 190 162 137 177 214 232 276 332 376 376 386 379 381 401 419 374 353 433 425 435 391 340 314 331 329 312 307 298 322 283 228 223 202 175 186 248 319 407 429 509 566 621 692 761 758 739 791 804 747 680 666 667 655 614 650 704 689 663
0 0 0 0 3 10 25 54 73 106 126 113 85 71 58 41 31 32 45 75 80 100 94 140 130 82 56 73 92 138 155 156 201 189 188 200 233 211 203 197 167 146 217 248 281 294 328 350 357 347 351 356 387 379 351 420 394 387 389 362 337 293 292 289 270 252 259 258 210 180 158 177 203 276 322 354 397 478 509 598 643 744 774 795 790 736 698 647 607 604 589 558 620 676 681 648
0 0 0 0 3 13 21 52 68 96 120 139 135 78 69 64 47 32 34 54 54 64 66 76 77 55 95 124 107 145 178 196 230 228 244 251 281 275 257 196 173 148 224 227 226 248 292 317 330 326 310 315 337 333 362 416 383 364 363 357 340 300 254 246 247 238 214 210 193 158 147 217 251 283 281 319 359 390 518 565 591 684 700 794 798 710 668 619 603 554 545 518 590 645 664 674
0 0 0 0 3 8 18 39 41 67 76 118 119 125 118 101 67 55 36 37 39 43 50 53 60 91 118 152 176 157 195 215 240 292 330 305 277 261 242 245 226 201 185 185 185 217 240 253 268 266 269 293 330 352 379 356 359 341 320 334 334 300 267 224 211 177 196 187 152 144 142 212 237 238 234 317 339 380 455 502 573 668 666 698 680 645 626 606 551 520 486 506 554 597 593 602
0 0 0 0 0 6 14 21 43 51 66 111 156 162 157 140 106 78 67 45 44 58 51 71 103 120 140 179 206 186 189 223 267 314 350 333 288 283 267 262 261 225 241 208 206 202 225 228 232 261 297 321 372 387 393 337 328 316 279 312 310 314 278 245 229 192 158 157 147 136 137 190 200 207 273 273 294 316 440 502 570 659 657 680 656 595 551 563 541 487 453 505 552 552 580 561
0 0 0 0 0 3 16 21 37 44 85 108 150 200 189 176 134 125 94 45 49 85 91 79 85 110 137 168 195 233 219 266 300 345 376 365 322 318 305 288 257 268 255 250 227 223 249 258 279 314 329 373 408 402 358 340 288 275 231 255 274 310 271 242 223 201 185 161 141 132 132 156 201 255 249 257 288 320 445 507 570 639 646 663 638 569 499 504 529 505 424 489 519 499 522 525
0 0 0 0 0 2 13 20 48 83 100 140 182 234 236 233 201 148 105 75 50 60 69 102 109 141 132 176 210 266 279 285 335 388 403 419 384 372 350 332 336 309 296 270 255 250 266 266 316 343 406 452 411 371 352 296 270 264 224 212 246 274 288 270 260 230 191 161 131 133 125 150 188 207 174 258 308 371 476 530 562 601 611 619 604 560 513 470 438 454 403 414 443 458 430 483
0 0 0 0 0 0 12 18 55 93 133 160 192 241 253 276 213 167 141 92 67 80 67 141 140 144 173 162 205 255 308 340 350 374 406 418 430 412 400 379 366 336 319 275 294 256 283 306 333 371 425 459 413 366 318 287 263 256 210 188 227 257 297 283 256 219 192 165 134 128 120 133 164 160 193 225 284 365 439 487 502 558 581 552 543 511 501 477 428 411 385 352 403 373 427 458
0 0 0 0 0 0 11 24 42 77 139 178 207 232 266 298 222 178 150 92 95 69 92 165 180 181 208 202 210 264 324 336 344 382 404 404 447 446 419 409 370 360 325 333 306 279 327 335 341 374 427 447 399 370 339 263 223 206 201 181 191 249 284 269 255 242 213 171 126 116 121 163 160 201 232 254 273 342 428 427 485 526 543 511 510 468 456 443 424 386 340 301 361 354 408 424
0 0 0 0 0 0 14 17 57 75 127 178 222 275 314 280 207 156 151 92 94 97 85 118 155 175 216 215 235 268 258 269 308 337 369 395 432 457 464 456 442 412 368 387 348 334 373 369 385 398 427 446 391 361 332 285 259 235 178 159 206 245 248 236 220 203 166 145 110 123 142 185 208 222 287 342 348 382 480 481 516 491 498 451 464 429 391 392 372 348 329 266 305 306 358 383
0 0 0 0 0 0 0 14 30 73 140 194 237 240 256 279 211 193 159 112 119 121 101 125 157 193 205 184 192 217 221 253 297 322 344 358 411 438 476 479 469 424 424 421 374 357 398 409 425 436 453 446 385 328 298 277 248 231 151 148 180 213 230 223 203 189 172 140 107 120 138 182 230 243 269 359 380 412 495 519 500 461 479 445 440 424 386 348 348 302 288 250 233 287 338 336
0 0 0 0 0 0 0 0 12 55 112 155 175 170 199 214 267 214 158 149 144 149 124 111 138 165 172 152 176 180 201 255 280 291 334 360 370 420 470 499 491 468 462 450 412 405 407 389 380 388 409 415 377 348 315 257 208 185 138 115 142 168 192 191 193 175 146 138 115 122 137 185 236 265 284 321 354 405 510 499 476 406 440 412 394 404 384 342 307 285 244 210 189 256 317 311
0 0 0 0 0 0 0 0 2 24 84 112 115 159 159 213 254 203 179 178 181 172 171 117 131 133 133 165 196 224 215 257 253 259 280 317 368 395 439 479 468 444 412 417 427 399 378 376 350 361 362 370 361 347 307 270 248 232 165 148 99 148 173 174 169 155 154 114 115 131 148 217 251 288 309 374 392 430 502 486 456 394 384 370 357 372 356 320 277 250 228 196 144 207 265 288
0 0 0 0 0 0 0 0 0 8 36 64 109 133 171 222 269 252 211 197 219 189 212 153 164 188 187 169 198 273 284 285 326 302 325 324 391 407 469 476 427 402 368 358 362 345 340 323 325 327 301 311 333 317 297 232 206 199 172 144 98 103 116 141 141 102 100 100 132 140 174 201 246 307 346 394 421 484 490 467 434 367 362 336 287 305 328 287 262 241 218 184 123 183 168 168
0 0 0 0 0 0 0 0 0 2 30 75 133 164 192 205 236 262 231 226 228 220 240 203 178 208 209 202 212 271 322 328 339 333 354 367 422 464 484 478 441 401 370 353 333 297 305 279 296 313 294 292 297 280 257 235 186 162 137 120 85 86 83 87 106 92 99 123 166 186 201 242 288 326 365 423 455 468 484 455 423 377 349 320 268 249 266 299 256 233 218 156 119 131 119 132
0 0 0 0 0 0 0 0 0 0 13 40 91 134 186 209 244 266 278 255 247 264 264 233 220 241 240 237 250 270 323 360 360 361 397 401 444 507 522 484 448 428 400 366 345 320 280 262 267 296 284 271 246 240 212 204 198 179 107 80 78 79 88 91 92 106 136 138 174 199 252 311 309 323 358 415 434 480 471 436 418 381 366 328 278 259 241 285 262 223 185 139 112 123 117 108
0 0 0 0 0 0 0 0 0 0 6 14 51 94 124 145 214 261 250 265 294 307 295 281 288 272 284 292 287 313 314 346 403 410 422 448 467 458 444 460 450 415 399 375 374 361 329 301 263 232 279 266 195 192 188 172 155 138 72 73 101 112 147 137 149 168 185 153 224 255 307 410 394 385 410 452 476 482 446 411 394 336 358 325 302 273 222 241 249 216 178 112 106 112 112 103
0 0 0 0 0 0 0 0 0 0 2 13 35 67 72 106 193 210 191 240 258 295 313 305 309 308 308 318 328 339 359 363 423 433 462 457 416 405 412 390 424 403 371 372 342 332 321 304 279 227 250 259 201 182 137 130 126 99 68 87 116 126 175 182 159 220 229 192 225 239 313 426 401 412 428 484 501 486 455 424 395 356 323 307 255 225 219 194 228 186 159 106 103 107 107 102
0 0 0 0 0 0 0 0 0 0 1 13 25 46 83 117 170 194 179 214 255 294 333 331 331 340 336 349 367 366 382 390 419 468 451 426 391 375 370 370 369 376 344 333 317 311 313 272 271 226 217 248 201 171 160 98 100 88 69 96 132 167 207 217 203 211 255 217 264 291 319 410 432 423 419 471 481 462 434 411 400 363 344 305 255 215 162 150 157 153 130 102 97 100 101 99
0 0 0 0 0 0 0 0 0 0 0 7 20 50 79 113 157 148 170 200 239 290 274 324 361 362 366 370 378 399 430 474 484 464 443 421 396 348 313 309 298 331 304 286 254 267 262 258 238 193 208 223 196 165 148 111 73 66 69 121 167 176 216 237 260 259 281 298 307 321 371 413 438 454 480 448 423 422 403 388 367 336 344 316 252 223 195 169 139 98 93 96 97 96 96 115
0 0 0 0 0 0 0 0 0 0 0 7 28 79 112 120 141 165 184 209 236 236 238 289 332 399 394 396 399 431 467 471 464 447 440 430 395 360 350 302 252 303 293 262 248 222 228 242 204 204 183 175 190 157 126 91 66 63 111 134 166 197 214 227 277 303 301 356 369 376 385 431 432 454 436 449 408 394 360 335 313 309 321 284 233 191 166 155 125 107 91 92 96 95 117 136
0 0 0 0 0 0 0 0 0 0 0 6 35 88 113 117 150 172 198 205 193 216 247 317 364 415 413 397 393 442 435 442 443 433 426 416 391 366 353 307 258 250 299 263 241 214 184 201 210 177 175 202 170 136 99 96 60 61 72 86 110 144 185 215 263 325 332 357 409 421 417 408 400 409 401 406 408 381 320 299 280 269 280 266 224 219 197 152 107 100 92 105 137 143 140 150
0 0 0 0 0 0 0 0 0 0 0 3 19 74 97 116 136 159 179 191 208 220 245 280 312 365 346 293 336 366 352 367 410 426 411 401 374 371 361 309 261 209 247 270 255 219 178 164 167 159 176 176 146 114 72 65 57 58 67 85 114 161 226 233 266 324 326 347 381 372 336 333 349 321 356 370 384 356 295 270 244 224 232 277 244 200 165 128 100 91 90 205 201 202 205 211
0 0 0 0 0 0 0 0 0 0 0 0 7 46 82 104 138 150 162 204 223 242 259 293 328 314 293 258 286 292 292 337 394 413 395 376 361 336 326 294 244 210 182 215 211 184 158 147 142 174 172 161 144 109 72 55 55 70 110 116 166 185 264 283 283 282 288 321 329 312 306 266 306 278 313 315 353 368 337 294 276 239 211 243 235 193 186 139 92 91 86 173 155 168 165 162
0 0 0 0 0 0 0 0 0 0 0 0 7 23 59 97 147 159 180 202 207 228 263 283 277 276 255 239 232 246 311 339 363 393 368 388 341 304 289 251 250 239 177 141 144 175 137 136 172 182 159 144 121 88 50 53 72 101 160 166 177 214 269 272 238 251 270 281 283 268 272 235 261 264 266 271 296 347 339 306 282 254 234 196 224 183 180 148 100 92 92 99 102 97 110 107
0 0 0 0 0 0 0 0 0 0 0 0 3 24 44 82 139 152 164 183 208 214 220 229 237 253 221 216 200 234 259 300 350 358 328 351 339 327 308 263 248 217 159 157 143 141 103 147 175 167 141 118 83 50 51 52 77 102 134 135 163 184 212 230 211 214 235 242 236 231 226 202 233 222 240 235 253 297 341 311 283 263 247 233 187 227 183 138 98 93 88 87 87 87 87 84
0 0 0 0 0 0 0 0 0 0 0 0 0 7 34 48 92 115 126 151 159 179 181 198 204 192 180 144 177 255 280 292 295 297 275 300 355 358 340 296 280 240 206 188 178 140 99 124 177 175 157 129 53 48 49 71 89 88 106 131 157 180 145 168 156 174 158 160 180 158 170 194 160 157 208 192 219 235 284 301 305 280 249 214 155 145 168 191 143 110 112 99 100 87 88 85
0 0 0 0 0 0 0 0 0 0 0 0 0 2 8 46 66 79 111 114 131 163 185 187 179 171 145 130 166 214 237 239 258 244 249 251 300 342 354 302 260 249 211 189 180 149 120 85 146 186 170 134 49 46 47 57 96 117 121 126 144 157 134 145 132 135 116 117 135 118 132 177 133 160 178 166 189 202 272 268 255 276 253 224 188 173 128 157 164 165 147 90 94 87 84 83
0 0 0 0 0 0 0 0 0 0 0 0 0 0 6 16 39 75 100 98 114 148 174 165 153 159 129 121 161 209 221 225 217 208 209 235 252 304 294 281 263 238 196 177 165 102 90 99 150 178 162 122 66 44 44 74 113 130 115 118 123 114 122 118 114 120 81 97 90 79 103 148 127 135 160 148 162 173 237 211 221 242 246 242 211 183 162 118 109 126 131 90 88 82 82 82
0 0 0 0 0 0 0 0 0 0 0 0 0 0 2 7 23 50 64 70 84 102 113 99 121 124 114 101 111 189 207 203 198 186 180 212 208 232 219 262 248 228 161 128 113 70 67 112 178 187 165 115 62 41 42 84 104 118 102 107 82 69 75 82 101 52 43 45 46 46 48 60 60 110 130 121 115 144 201 139 162 189 218 189 221 208 173 156 123 118 110 88 83 83 83 84
0 0 0 0 0 0 0 0 0 0 0 0 0 0 0 5 11 22 27 45 56 64 80 93 99 116 104 80 107 165 168 176 163 164 178 188 176 183 167 215 240 220 171 136 108 64 84 98 138 151 152 129 65 40 39 54 66 80 78 93 65 64 65 52 48 43 43 45 47 47 47 49 54 64 82 99 100 156 154 146 111 127 193 164 201 199 199 168 156 122 147 81 82 83 83 82
0 0 0 0 0 0 0 0 0 0 0 0 0 0 0 3 12 13 12 29 24 44 70 74 78 79 84 65 103 150 150 157 154 153 150 139 158 124 126 172 205 231 188 147 127 85 60 86 99 121 141 118 80 68 38 38 38 65 56 68 44 40 40 40 42 43 45 45 45 47 48 49 50 56 65 80 109 142 98 99 78 95 139 151 157 156 168 206 184 156 141 78 83 77 82 93
0 0 0 0 0 0 0 0 0 0 0 0 0 0 0 3 10 12 15 18 21 25 31 40 44 49 49 64 103 120 131 117 125 117 106 86 96 84 80 139 161 205 212 184 153 96 39 45 60 87 93 64 35 36 36 36 37 36 37 39 39 40 41 42 42 44 46 46 47 48 48 49 49 50 52 54 55 85 57 57 58 58 61 88 78 91 137 188 223 219 172 129 77 77 81 83
0 0 0 0 0 0 0 0 0 0 0 0 0 0 0 3 10 10 13 15 20 23 27 34 41 43 40 61 80 84 97 76 84 87 87 76 64 65 57 106 122 155 209 157 144 112 80 35 34 36 37 31 33 34 34 35 34 37 38 39 39 43 42 42 43 43 45 47 46 55 73 56 51 51 53 53 54 56 56 55 58 60 62 62 62 60 82 127 192 240 203 152 96 78 78 79
0 0 0 0 0 0 0 0 0 0 0 0 0 0 0 3 5 9 11 15 18 21 24 33 33 35 32 38 44 64 71 34 35 63 59 46 33 40 42 57 79 131 220 187 169 118 92 62 32 30 30 32 32 33 34 45 53 36 38 38 44 90 53 52 45 50 44 50 58 55 63 55 77 51 53 54 55 55 56 56 58 58 62 62 62 66 66 86 148 201 185 113 79 76 78 77
0 0 0 0 0 0 0 0 0 0 0 0 0 0 4 6 7 6 8 9 11 16 18 22 20 23 27 28 27 42 13 15 16 16 15 18 19 22 23 25 47 84 166 130 114 74 36 28 29 30 31 31 32 32 34 49 57 75 53 63 92 132 84 82 51 58 58 75 91 80 92 66 103 101 52 54 55 55 57 60 78 107 68 62 62 67 68 67 69 126 204 157 112 71 73 77
0 0 0 0 0 0 0 0 0 0 0 0 0 0 5 6 8 5 7 8 9 10 10 14 16 18 16 16 14 13 14 15 16 16 17 17 19 19 19 21 33 58 123 80 57 27 27 28 29 29 29 29 30 41 46 51 57 69 107 120 144 151 107 90 60 76 79 110 126 123 102 68 112 135 96 53 54 62 74 103 108 135 113 80 67 74 74 68 66 98 162 114 76 73 77 83
0 0 0 0 0 0 0 0 0 0 0 0 0 5 5 7 7 7 8 8 9 9 10 12 14 12 10 12 12 14 15 14 15 16 17 17 18 20 20 21 27 47 93 60 32 26 28 28 28 29 41 93 60 50 54 60 65 76 119 165 199 157 122 92 57 96 131 117 160 138 99 79 113 135 146 114 89 89 101 142 160 166 155 143 139 113 145 69 67 74 136 73 73 71 127 113
0 0 0 0 0 0 0 0 0 0 0 0 0 4 5 7 8 8 8 8 9 9 8 11 11 9 11 11 12 14 16 16 17 18 18 25 18 20 20 22 22 39 69 26 25 26 27 27 28 76 96 147 82 56 58 50 65 86 111 163 217 166 114 84 62 132 165 140 147 123 95 109 94 122 163 180 162 158 130 175 208 223 214 229 199 187 178 115 65 67 64 72 70 79 79 84
0 0 0 0 0 0 0 0 0 0 0 0 0 5 4 5 8 8 8 9 9 9 8 9 9 10 11 12 13 14 16 16 25 36 54 58 20 19 20 21 22 23 22 25 25 26 27 31 56 112 138 162 90 76 68 64 76 131 133 173 208 177 153 105 73 120 164 181 156 136 128 119 159 143 120 154 208 204 181 238 290 314 284 296 240 230 188 127 90 107 97 111 151 107 93 115
0 0 0 0 0 0 0 0 0 0 0 0 1 5 5 5 4 6 8 9 9 9 6 9 9 10 11 11 13 15 19 34 77 83 68 48 20 19 20 21 22 22 23 24 25 25 36 60 74 117 142 175 141 97 77 80 93 132 180 200 207 172 148 119 96 106 149 199 189 188 168 128 137 170 153 143 201 232 233 266 321 367 347 312 256 223 185 132 98 168 94 135 164 173 154 105
0 0 0 0 0 0 0 0 0 0 0 0 3 4 4 4 5 5 6 7 7 5 5 9 9 10 11 12 16 23 50 71 102 94 79 47 21 21 20 21 22 23 24 24 26 49 64 93 104 143 163 198 174 134 105 88 88 120 168 219 208 189 163 145 113 92 137 186 229 213 164 166 176 159 194 187 179 228 290 321 356 392 369 320 247 201 176 146 142 186 123 141 201 239 159 163
0 0 0 0 0 0 0 0 0 0 0 0 4 3 3 4 4 4 5 5 6 5 5 8 9 19 41 72 78 76 99 116 138 113 73 34 21 22 21 21 22 24 34 43 46 83 112 129 135 169 193 241 203 179 150 118 108 99 179 200 222 196 187 135 134 121 109 147 157 203 212 229 213 218 197 239 233 238 258 314 349 380 336 293 226 178 138 191 233 200 210 153 206 268 227 226
0 0 0 0 0 0 0 0 0 0 0 0 2 3 3 4 4 7 4 5 4 4 5 7 12 17 21 37 77 121 138 148 142 115 72 46 25 22 22 22 25 40 40 49 56 72 133 163 162 193 224 265 241 196 153 127 133 121 133 155 207 224 182 176 171 148 129 113 143 171 231 261 257 250 206 255 287 277 321 331 364 402 368 322 242 215 168 237 286 226 257 179 199 281 266 251
0 0 0 0 0 0 0 0 0 0 0 1 2 3 3 3 3 4 5 4 3 4 4 7 12 16 20 30 53 98 120 130 119 95 59 41 30 31 35 38 45 45 49 66 69 76 120 175 206 228 254 299 245 203 202 173 163 136 168 205 214 232 223 217 201 182 136 169 187 179 225 284 299 287 259 226 278 335 362 360 411 422 393 358 292 247 271 297 305 291 249 215 271 279 307 311
0 0 0 0 0 0 0 0 0 0 0 2 2 2 2 3 4 3 3 7 4 6 6 8 12 13 18 22 29 67 90 84 69 58 36 27 39 36 41 65 81 59 64 91 109 137 123 130 176 222 249 295 296 270 247 210 193 169 201 226 282 279 257 255 259 222 166 187 236 201 215 255 263 279 300 283 277 335 393 410 442 412 352 318 288 279 336 364 353 322 275 270 340 332 362 314
0 0 0 0 0 0 0 0 0 0 0 2 3 2 3 3 2 5 5 5 4 6 5 8 11 12 17 20 23 58 65 59 44 39 38 52 55 41 44 83 115 91 77 81 94 169 176 192 185 222 241 292 294 281 251 209 211 189 237 236 302 316 281 285 272 220 181 224 268 251 225 284 291 288 291 324 300 325 392 416 440 428 397 346 299 324 339 372 348 311 289 302 364 386 350 321
0 0 0 0 0 0 0 0 0 0 0 3 3 3 2 3 3 3 7 4 5 4 5 8 12 14 16 17 18 49 52 46 40 46 55 73 62 48 45 71 93 111 98 105 96 165 194 221 234 237 237 280 324 291 266 235 232 234 257 276 293 332 328 305 286 248 211 227 282 250 244 285 319 312 297 330 340 345 395 437 427 413 392 328 356 361 391 412 366 348 314 337 389 408 376 332
0 0 0 0 0 0 0 0 0 0 0 0 0 3 2 2 3 3 3 4 4 3 5 9 10 12 15 16 17 19 51 58 43 46 43 45 52 49 51 56 68 82 125 141 140 147 180 214 231 280 293 301 360 352 331 281 281 267 317 338 351 356 354 344 298 270 293 303 293 268 286 312 348 322 303 339 332 388 456 456 438 388 364 391 391 441 444 430 416 368 327 360 417 402 375 339
0 0 0 0 0 0 0 0 0 0 0 0 0 2 2 2 3 4 3 4 3 3 4 9 9 13 15 15 16 17 23 36 66 52 48 51 56 57 57 65 78 108 114 138 165 167 201 217 265 292 299 316 378 393 366 312 305 295 376 403 394 398 369 355 320 297 330 335 295 312 290 333 365 345 332 350 385 388 446 466 447 434 398 427 379 420 481 480 445 410 378 392 424 420 387 351
0 0 0 0 0 0 0 0 0 0 0 0 0 0 2 2 3 3 2 2 3 3 3 9 8 12 14 14 15 16 19 28 84 73 53 57 59 65 65 75 77 104 141 153 170 198 197 219 265 315 329 351 391 434 391 343 345 326 382 432 451 438 406 374 350 340 359 344 338 349 318 343 380 372 360 373 384 385 409 435 464 460 421 444 411 452 498 503 469 447 438 416 435 413 393 366
0 0 0 0 0 0 0 0 0 0 0 0 0 0 0 0 1 4 2 2 3 2 2 10 11 11 13 14 14 15 19 28 87 97 75 67 70 67 74 86 91 107 136 147 179 232 250 246 268 328 342 381 422 447 401 400 406 393 414 444 468 450 426 405 376 377 390 372 384 371 348 346 370 376 366 359 343 346 402 414 425 430 468 462 463 468 477 487 495 483 483 464 477 438 428 384
0 0 0 0 0 0 0 0 0 0 0 0 0 0 0 0 0 0 0 2 1 2 1 9 10 10 11 12 13 14 15 16 70 119 106 84 90 96 92 117 120 119 145 159 215 258 315 322 343 385 400 442 472 481 486 495 485 474 487 457 433 431 415 403 387 434 419 415 418 392 369 390 397 372 346 317 322 313 348 370 361 366 383 430 426 382 427 453 445 478 479 495 509 501 470 448
