Test Date/E120/N22/N22.asc
ncols        1201
nrows        1201
xllcorner    119.999583333333
yllcorner    21.999583333333
cellsize     0.000833333333
NODATA_value -32767
[rows 318 to 370 of 1201, columns 672 to 767 of 1201]
54 55 54 54 54 54 56 57 57 56 56 58 57 58 58 57 58 58 60 60 61 60 61 62 62 62 62 64 65 65 66 66 65 66 66 67 67 68 69 69 70 70 70 70 71 72 72 72 74 74 74 75 75 75 77 77 77 76 77 79 76 76 80 77 80 81 81 80 79 83 83 84 84 83 83 84 85 89 120 120 123 125 126 127 129 129 130 137 112 105 109 112 115 122 124 125
54 54 54 54 55 56 56 57 56 56 57 57 57 58 58 60 60 59 60 60 60 61 61 62 62 63 63 64 65 64 65 65 66 66 67 67 68 68 69 69 69 70 70 71 72 72 73 74 74 73 74 75 75 76 77 77 77 77 78 78 79 76 77 78 81 82 81 81 80 80 84 84 84 84 85 84 85 86 99 119 121 123 125 125 126 127 128 136 105 111 111 112 119 122 127 144
54 54 54 54 54 55 56 56 57 57 57 57 58 58 58 59 59 59 59 59 59 61 61 62 62 62 64 64 65 65 66 66 66 66 67 68 68 68 68 69 69 70 71 70 71 72 73 73 73 73 74 74 75 76 76 77 78 78 79 79 85 79 76 80 80 82 83 82 81 82 84 85 85 85 85 86 86 86 85 87 119 120 121 118 120 118 124 106 101 109 111 109 115 124 128 129
53 53 54 54 54 55 56 56 56 57 57 57 57 57 57 58 59 59 60 61 61 61 60 62 62 62 63 64 65 65 65 66 66 67 68 68 68 69 69 69 70 71 71 71 72 72 72 73 75 75 74 74 76 76 76 77 78 78 79 79 80 87 77 81 80 81 82 82 82 82 84 85 86 86 86 86 86 86 87 87 113 114 110 113 120 121 124 98 105 111 109 113 116 123 132 138
53 53 54 54 54 54 55 56 57 57 57 57 57 57 58 58 59 59 60 60 61 61 61 62 63 63 64 64 65 65 66 67 67 68 68 68 68 69 69 70 70 71 71 71 72 72 72 73 74 74 75 75 76 77 77 77 78 78 79 79 80 81 78 81 81 82 83 83 83 83 82 86 86 87 87 86 87 87 87 87 87 88 107 119 120 121 123 101 102 108 113 114 119 121 125 134
54 54 54 54 54 55 55 55 56 57 57 57 58 59 59 59 59 59 60 60 61 62 62 63 63 64 64 64 65 65 66 66 67 67 68 68 68 68 69 69 69 70 70 70 72 72 72 73 73 74 75 75 76 77 77 76 76 78 79 80 80 81 85 79 82 81 83 83 84 84 84 86 87 87 87 88 87 88 88 88 89 88 89 110 120 120 122 101 107 109 112 114 117 123 131 131
53 53 54 54 54 55 56 56 57 56 57 58 59 59 59 59 60 61 61 60 62 63 62 63 64 64 64 64 65 65 65 66 66 67 67 67 68 69 70 70 70 70 71 71 72 72 73 74 74 74 75 75 75 76 77 78 78 79 79 80 81 81 81 77 80 82 82 83 84 85 84 86 87 88 88 88 89 89 89 89 88 90 90 90 91 100 123 102 105 111 113 114 119 129 135 139
53 53 54 55 55 55 56 56 57 56 56 57 58 58 59 59 60 60 61 61 62 62 63 64 64 65 64 65 65 65 66 66 67 67 68 69 69 69 69 70 71 70 71 72 72 73 73 74 75 75 75 76 76 76 77 77 77 78 79 79 80 80 81 84 79 79 82 84 84 85 85 87 87 88 89 89 89 89 90 90 90 90 91 89 91 91 113 110 108 112 115 117 120 129 137 146
52 53 55 56 56 56 56 56 58 58 57 58 59 59 59 59 59 60 61 61 63 63 62 62 64 64 65 64 65 66 66 66 67 68 68 68 68 70 70 70 70 71 72 72 72 72 73 74 75 75 75 76 76 76 78 78 78 79 80 80 81 81 81 88 79 81 81 80 83 86 86 86 87 88 88 89 90 90 90 90 91 90 91 93 91 92 93 122 109 112 116 117 122 125 133 143
54 55 56 56 56 57 57 57 57 58 59 60 60 60 60 60 60 60 61 61 62 63 63 63 64 64 65 64 66 66 66 67 67 67 68 69 69 70 69 70 70 71 71 72 73 74 75 75 74 74 76 76 76 76 78 78 78 79 80 81 82 82 82 84 88 83 83 83 83 83 83 84 84 86 87 87 90 91 91 92 93 93 92 92 92 92 93 107 115 117 117 118 122 128 137 153
53 53 55 55 56 57 57 57 57 57 58 58 58 58 59 59 59 61 62 62 63 63 63 63 64 65 65 65 65 66 67 67 68 68 68 69 69 70 71 71 71 71 71 71 73 74 74 74 75 75 76 77 77 77 78 78 78 80 80 80 83 82 82 84 85 88 82 86 85 85 84 86 86 85 88 88 87 91 91 91 93 93 93 93 93 93 93 99 123 117 120 120 124 131 139 160
54 54 54 54 55 56 56 56 57 58 58 59 59 59 60 60 61 61 62 62 62 62 63 64 64 64 65 66 66 67 67 67 67 68 68 69 69 71 71 71 71 72 72 72 73 73 74 75 76 76 76 76 77 77 78 78 80 80 81 82 83 83 83 84 85 86 85 82 86 84 87 84 86 87 85 87 89 89 90 91 93 94 94 94 93 95 95 95 119 119 122 123 124 133 143 154
54 54 54 56 56 55 56 57 56 57 58 59 60 60 60 61 60 61 61 61 62 62 63 63 65 65 67 66 66 67 67 67 67 68 69 69 69 69 71 70 71 71 71 72 74 73 74 74 75 76 76 77 77 77 79 79 79 81 81 82 83 83 84 84 85 85 87 85 82 86 88 88 89 87 87 87 91 91 91 89 91 93 95 95 95 95 95 96 95 120 124 125 129 133 140 155
52 52 54 54 55 55 55 55 56 57 58 58 58 58 59 59 61 61 61 61 61 62 62 63 64 65 65 64 65 66 66 66 67 67 68 69 70 70 70 70 71 73 71 73 74 74 74 75 75 75 76 77 77 78 79 79 79 80 81 81 83 83 83 85 85 86 86 93 84 84 87 88 89 90 89 89 87 91 93 93 89 89 95 96 96 97 97 96 97 118 125 126 131 134 143 171
52 53 53 54 54 55 55 55 56 57 58 58 58 58 59 59 60 60 62 62 62 62 62 62 64 64 64 65 66 66 67 68 68 68 68 69 70 70 70 71 71 71 73 73 74 75 75 75 75 76 76 76 77 78 79 79 79 80 80 82 83 83 84 85 85 85 86 86 87 83 87 87 89 90 91 91 90 87 88 90 93 91 93 96 96 96 97 96 98 111 124 126 132 135 151 191
54 54 54 54 54 55 55 55 56 57 57 57 58 58 59 59 60 60 60 60 61 63 63 63 63 63 64 65 66 66 67 67 68 68 69 69 69 70 71 71 72 73 73 73 74 72 73 75 76 75 76 77 76 77 76 77 79 80 81 81 82 82 83 83 84 84 86 87 87 91 86 89 89 89 89 89 90 91 91 90 90 91 94 94 96 96 97 98 98 99 117 130 133 140 162 155
51 53 54 54 54 54 55 55 56 55 55 57 58 58 59 59 58 60 61 61 61 62 62 63 64 64 64 65 66 66 66 68 68 68 68 68 70 70 70 71 71 71 71 71 73 74 74 76 76 76 77 77 77 78 78 78 79 80 80 80 81 81 82 83 84 85 85 86 87 91 86 87 88 88 88 88 89 92 93 90 92 89 90 93 94 94 99 99 99 99 103 131 134 140 134 141
53 53 54 54 54 55 56 56 57 57 57 58 58 58 57 60 59 60 60 60 60 61 62 64 64 64 65 65 65 64 68 68 68 68 68 68 68 70 70 71 71 73 74 74 74 75 76 76 76 76 77 77 78 78 79 80 80 82 82 82 82 82 82 84 84 85 85 85 86 87 88 86 89 90 91 89 91 92 93 93 95 96 96 94 91 92 94 98 100 99 96 126 119 131 140 150
54 53 54 54 55 56 56 56 56 56 57 57 59 59 61 59 59 61 61 61 61 62 62 63 64 63 64 64 65 66 66 67 68 68 68 68 70 70 71 71 72 72 73 73 74 74 75 76 76 76 77 78 78 79 79 79 80 80 81 82 82 83 83 84 84 85 85 87 87 87 93 90 87 90 91 92 93 93 91 92 94 95 96 97 97 97 93 95 96 101 100 102 124 141 147 149
53 53 53 53 53 54 56 56 56 56 56 57 57 57 58 59 61 61 61 61 61 61 65 65 65 64 65 66 67 68 68 68 68 69 70 70 71 70 71 71 72 73 73 73 74 74 75 76 77 77 78 78 79 79 81 81 82 81 81 82 83 83 84 84 85 86 86 87 87 88 88 90 90 88 91 92 93 93 92 92 93 93 93 95 97 98 99 99 100 96 96 101 131 141 146 151
52 52 53 54 55 55 55 55 55 56 57 57 57 57 57 58 59 60 61 61 62 61 64 64 64 64 64 66 67 68 68 67 68 70 69 70 70 71 71 72 72 73 73 73 73 74 75 76 77 77 77 77 78 79 79 80 80 80 82 83 82 82 83 84 85 86 85 86 87 88 87 88 92 92 89 91 92 92 92 92 93 94 95 96 96 96 98 100 100 100 100 96 96 122 146 152
52 52 54 54 55 54 56 56 56 56 56 58 58 58 58 59 59 60 60 61 60 61 62 64 64 65 66 66 67 68 68 69 69 70 70 70 71 72 72 72 71 73 73 73 74 74 75 76 76 77 78 78 77 79 79 79 80 80 81 83 83 83 84 84 84 84 85 86 86 88 87 88 88 94 89 90 90 91 94 94 95 96 96 97 97 97 98 99 99 100 100 99 96 97 126 152
52 53 53 53 53 55 55 55 56 56 57 57 57 58 58 59 60 61 60 60 61 62 63 64 64 65 65 67 68 68 69 69 70 70 71 72 72 72 72 73 74 74 74 74 74 76 76 76 77 78 79 79 79 80 80 81 81 81 81 82 81 82 84 85 85 85 87 85 87 88 89 89 89 91 94 93 91 93 94 94 95 95 96 96 97 98 98 98 100 101 101 101 101 102 97 97
53 53 53 53 54 54 54 55 56 56 56 57 58 58 59 59 59 61 61 62 62 63 64 64 64 64 65 67 68 68 68 69 70 70 71 71 72 72 73 74 73 73 74 74 75 76 76 77 77 77 78 77 78 80 80 81 81 81 81 81 82 82 83 84 84 87 86 87 88 88 89 89 89 90 91 93 91 90 91 91 94 95 96 97 97 99 100 99 100 100 100 101 102 103 103 99
52 52 53 53 54 55 55 55 55 56 57 57 58 58 58 58 60 60 61 62 62 63 63 63 63 65 65 67 67 67 67 68 69 69 70 70 71 72 71 72 72 74 74 74 75 75 75 76 75 78 78 79 79 80 80 80 80 80 81 81 81 82 84 84 84 86 86 87 87 88 89 89 89 90 91 91 98 92 91 91 92 94 95 97 97 98 98 98 99 99 99 101 101 101 103 104
51 51 53 54 54 54 55 55 56 56 57 57 57 57 57 58 59 61 61 61 62 63 63 64 64 64 64 66 66 66 67 68 68 69 70 71 71 71 72 72 73 73 74 74 75 75 76 76 76 77 79 79 80 78 79 79 80 80 80 80 81 82 83 84 84 85 86 87 87 88 89 89 89 90 91 91 93 94 99 94 95 94 94 97 97 97 98 99 100 101 101 102 104 104 104 105
51 52 53 53 53 54 54 54 55 56 56 58 58 57 58 60 60 60 61 61 62 62 63 64 65 64 64 66 66 66 67 68 69 69 69 70 71 71 72 72 72 74 74 74 75 76 77 77 77 77 77 79 78 79 79 79 80 80 80 81 82 82 83 84 85 85 85 86 88 88 89 90 90 90 91 91 91 92 94 97 96 96 96 94 94 97 98 99 99 101 101 102 102 103 104 105
50 50 52 52 53 54 54 55 55 56 56 56 57 58 59 60 59 59 60 61 61 61 62 65 63 64 65 66 66 66 67 68 68 68 69 70 70 71 72 72 73 74 74 74 75 75 75 75 76 77 78 78 78 79 80 80 81 80 80 81 82 82 83 84 85 86 86 86 88 88 88 89 89 90 91 91 93 93 94 96 98 99 96 97 97 97 98 99 100 100 101 101 102 103 104 104
51 52 52 53 53 54 55 55 56 56 56 57 57 57 58 59 60 60 60 61 61 63 63 63 63 64 64 66 67 67 67 68 68 69 70 70 71 71 72 73 73 74 74 74 75 75 76 76 76 76 78 78 78 79 80 80 81 81 81 82 83 84 84 84 84 85 86 87 87 88 88 88 88 90 90 91 93 94 94 95 95 95 96 103 102 97 98 97 96 97 98 98 98 102 103 103
52 52 53 53 54 55 55 56 56 56 57 57 57 57 58 60 60 61 61 61 62 63 63 63 63 65 64 66 67 67 67 68 68 68 70 70 70 71 71 73 73 73 74 74 74 75 76 75 75 77 77 78 79 79 79 80 80 79 80 81 81 82 83 84 85 86 86 87 87 87 87 88 89 90 92 92 93 94 94 95 96 95 95 96 96 98 100 103 105 107 106 105 104 103 102 104
52 52 53 54 55 55 55 56 56 57 58 58 58 58 59 60 60 61 61 62 62 62 62 64 64 64 65 66 65 66 66 67 68 68 69 70 70 70 71 72 72 73 73 73 75 75 75 75 75 76 77 77 78 77 78 79 80 80 80 81 82 81 81 83 84 85 85 86 87 87 88 90 89 90 91 90 93 94 94 94 94 94 94 96 97 97 99 98 98 98 98 99 100 102 103 106
52 52 53 54 54 54 54 56 57 56 57 57 58 58 58 59 59 59 61 62 62 62 63 64 65 65 64 65 65 67 67 68 68 68 69 69 70 70 71 72 72 73 73 73 74 73 74 75 76 75 76 77 78 78 78 78 79 80 81 81 82 83 83 84 84 85 86 86 87 88 88 89 90 90 90 91 92 93 94 93 93 94 95 96 97 98 99 98 100 100 100 100 102 102 103 104
51 52 53 53 54 55 55 55 56 57 57 58 58 58 58 58 59 60 60 61 61 63 63 63 63 63 64 66 67 66 66 68 69 69 69 70 70 71 71 71 72 72 72 72 73 74 74 74 74 75 76 76 76 76 78 78 79 78 79 80 82 82 83 84 84 83 84 85 86 87 87 88 88 89 89 91 91 92 92 93 94 94 95 95 95 97 99 98 98 100 100 101 100 102 104 104
52 52 53 53 54 54 55 55 56 56 56 57 57 58 58 59 59 59 60 61 61 61 63 63 63 63 63 65 66 66 67 67 67 68 69 70 69 71 71 71 72 72 72 72 73 73 72 73 73 75 76 76 77 77 78 78 79 80 80 80 81 82 82 83 83 84 84 85 86 84 87 87 88 90 90 92 91 91 91 93 94 95 96 96 96 96 97 98 97 97 98 99 100 101 102 102
51 51 52 53 54 54 54 55 55 56 56 58 58 58 58 59 59 59 60 60 61 62 62 62 63 64 64 66 66 66 67 67 67 68 68 69 70 71 70 71 71 71 72 72 73 73 71 74 73 75 75 77 77 76 78 78 79 79 79 80 80 82 82 82 84 84 84 85 86 86 88 88 88 89 90 90 90 90 90 93 94 95 96 96 97 97 97 97 98 98 99 100 101 102 102 103
51 51 52 53 53 54 54 55 56 57 56 56 56 57 58 58 59 59 60 59 60 62 63 63 63 64 64 65 66 66 66 67 67 68 69 69 69 69 69 70 70 71 70 71 71 71 70 73 73 74 76 76 76 76 76 77 79 79 80 81 81 81 81 82 83 83 84 84 85 86 87 86 86 87 88 89 90 92 93 93 93 94 94 95 95 96 96 96 97 99 100 100 100 102 102 103
51 52 52 53 53 54 54 54 56 55 55 56 57 58 57 59 59 59 59 60 61 62 63 64 64 64 64 65 65 66 66 66 68 68 68 69 69 69 69 70 70 71 71 71 71 70 70 74 74 74 75 76 75 77 78 78 78 79 79 80 80 81 82 82 82 84 84 85 85 85 85 86 87 88 88 88 91 92 92 92 92 94 94 95 95 96 96 97 98 98 98 98 101 101 100 102
51 52 51 53 54 54 54 54 54 55 55 57 57 56 58 58 58 58 60 60 61 61 62 63 64 64 64 66 65 66 66 67 66 67 68 68 69 68 69 69 70 70 70 69 71 70 70 74 74 74 75 75 76 76 77 78 78 79 78 79 80 80 80 82 83 83 84 84 85 85 86 87 88 87 88 88 91 90 91 92 93 93 94 95 95 95 96 96 97 98 98 99 99 100 101 101
50 51 51 52 53 53 54 54 55 55 56 57 58 56 56 58 58 59 60 60 60 61 62 63 63 63 63 64 65 65 66 66 66 67 68 68 69 68 68 68 69 70 70 70 70 72 73 73 74 75 74 76 76 76 77 78 78 79 80 80 80 81 82 83 83 83 83 84 85 86 86 86 86 88 90 90 91 91 91 91 92 92 92 93 93 95 95 95 96 97 97 98 98 99 100 100
50 51 51 52 52 53 53 54 55 55 55 55 56 56 57 57 58 58 59 59 59 61 62 62 62 62 63 65 65 66 66 67 67 67 67 67 67 67 68 69 69 70 70 69 71 70 71 72 72 73 74 75 75 76 77 77 78 77 78 79 80 81 82 82 82 82 82 83 83 84 85 87 87 88 88 90 90 90 90 90 90 91 92 94 95 95 95 96 97 97 98 98 97 98 99 100
50 51 53 53 53 53 53 54 55 55 56 57 57 57 58 58 59 59 59 61 61 61 61 62 62 63 63 63 64 65 65 66 67 66 66 67 67 66 67 68 69 67 68 69 71 72 73 73 73 74 74 75 75 76 76 77 77 78 78 79 80 80 81 81 82 83 83 83 82 84 85 86 87 87 87 88 90 89 89 90 91 92 93 93 93 93 95 95 95 97 97 97 97 99 99 100
51 51 52 53 53 53 54 54 55 55 56 56 56 57 57 57 58 59 60 60 60 61 62 63 63 63 63 63 64 64 64 65 66 65 66 66 66 66 66 67 68 68 69 71 70 71 71 72 72 73 73 75 75 76 76 77 76 78 78 79 79 78 81 82 82 82 82 83 83 84 85 85 86 86 86 86 88 89 89 89 91 90 91 93 93 94 95 94 94 95 95 96 96 97 99 99
51 52 52 52 54 53 54 55 55 55 55 56 56 56 58 58 59 59 59 59 59 61 62 63 63 62 63 63 63 64 65 65 65 65 65 65 66 67 67 67 66 69 70 70 71 71 72 72 73 74 74 75 75 76 76 76 77 78 79 78 80 80 80 81 81 81 81 83 83 85 85 85 85 86 87 87 88 89 89 90 90 92 92 92 92 93 95 94 94 95 95 96 97 97 98 98
51 52 52 53 53 54 54 54 55 55 57 56 57 57 57 57 58 59 59 59 60 61 61 61 61 61 62 63 64 64 64 64 65 65 65 66 66 67 68 69 69 69 69 69 70 71 72 73 73 74 74 74 74 75 76 76 77 76 77 78 79 79 79 80 81 82 82 82 84 84 84 85 86 86 85 87 87 89 89 89 90 91 91 92 92 93 95 94 95 94 94 95 96 97 98 97
51 51 52 52 53 54 54 54 54 55 55 56 56 57 57 58 58 58 59 59 59 60 61 61 61 61 62 63 63 63 63 64 64 65 65 66 66 66 67 68 68 68 68 69 71 71 71 71 73 73 74 73 74 74 74 76 77 76 77 78 78 79 79 82 81 81 81 82 83 82 83 85 85 85 85 85 88 89 88 89 90 90 91 92 92 92 94 91 92 93 95 95 95 96 96 97
49 50 50 51 51 52 52 53 53 54 54 54 55 55 55 55 55 55 55 55 55 57 57 57 57 57 59 63 63 62 62 64 65 64 65 66 66 67 67 67 67 69 69 70 70 70 72 72 72 73 72 73 72 73 75 76 77 76 77 77 79 80 80 80 80 81 81 82 82 83 84 84 84 84 85 86 87 88 88 89 89 90 91 92 92 92 93 91 92 92 93 93 93 95 95 100
49 49 50 50 51 52 52 52 53 53 53 54 55 55 56 56 56 56 56 56 57 58 58 58 58 59 61 61 62 62 63 64 64 64 65 66 66 67 67 67 68 67 67 70 70 70 71 72 72 71 70 71 72 74 74 75 76 76 77 78 78 79 80 80 80 80 81 82 81 82 83 83 83 85 86 86 87 87 87 88 90 91 91 91 92 92 93 91 91 92 92 93 94 93 98 124
49 49 50 50 51 51 52 52 52 53 54 54 54 55 55 56 56 56 56 56 56 56 56 58 60 60 60 61 62 63 63 65 65 64 66 66 66 66 67 67 68 67 67 67 69 70 69 70 71 71 71 71 72 74 74 74 76 76 76 77 79 79 79 80 79 79 80 81 81 82 83 84 84 85 84 85 87 87 88 89 90 90 91 92 93 93 93 90 91 92 92 92 94 96 126 158
49 50 50 50 50 50 50 51 52 53 54 55 55 55 55 56 56 56 56 57 57 57 57 58 58 59 59 61 62 63 63 64 64 64 65 65 65 65 66 67 67 65 67 67 67 69 70 70 71 71 71 72 73 74 74 74 75 75 77 77 76 77 79 77 78 79 80 81 80 81 82 83 83 84 84 86 87 87 88 88 88 90 90 91 92 91 92 90 91 91 91 92 107 147 151 156
47 48 49 49 49 50 50 50 52 52 52 53 54 54 54 54 55 56 56 56 56 57 57 57 57 59 59 61 62 62 63 63 63 63 64 64 65 66 66 67 67 66 68 67 68 69 70 71 71 72 73 73 73 73 73 74 75 75 76 76 76 77 78 78 78 79 79 81 80 80 81 82 82 84 84 84 86 86 86 88 90 90 90 90 91 91 92 89 90 90 93 96 142 145 148 146
49 49 49 50 50 51 51 51 52 53 53 53 53 53 54 54 56 56 56 56 57 56 56 57 59 59 59 60 62 62 62 62 62 62 64 64 65 65 65 66 66 67 67 67 68 68 69 70 70 71 72 72 72 72 73 74 75 75 75 75 75 76 76 77 77 77 79 80 82 81 81 81 82 85 85 85 87 87 87 89 89 89 89 90 90 90 90 90 90 90 93 133 139 139 114 91
47 48 48 48 48 48 49 50 51 51 51 52 52 52 52 53 53 53 53 53 54 56 57 58 58 58 59 60 61 61 62 61 62 62 63 63 64 64 65 66 66 66 67 67 68 69 69 70 70 70 70 72 72 72 73 74 74 74 74 73 75 75 76 77 77 77 78 80 79 80 81 81 82 83 83 85 86 86 86 87 86 88 88 88 90 89 90 88 88 107 127 132 138 87 86 87
48 48 49 49 49 49 50 50 51 51 51 52 53 53 53 54 54 54 55 55 56 56 56 57 57 56 59 60 60 61 60 62 62 63 63 64 63 65 64 64 65 66 66 67 68 69 69 69 70 70 71 71 72 72 73 74 73 73 73 73 75 75 75 77 77 76 77 77 79 80 80 81 82 83 84 85 85 86 86 86 87 88 89 89 89 89 89 86 113 120 121 119 123 85 90 96
