Test Date/E120/N22/N22.asc
ncols        1201
nrows        1201
xllcorner    119.999583333333
yllcorner    21.999583333333
cellsize     0.000833333333
NODATA_value -32767
[rows 265 to 317 of 1201, columns 384 to 479 of 1201]
9 10 11 11 12 11 11 11 12 12 13 13 14 15 16 16 19 19 19 20 22 23 23 24 24 25 25 23 25 27 27 27 28 30 31 31 33 34 35 36 36 38 38 39 39 39 40 39 39 40 40 58 53 46 48 55 44 42 59 60 65 49 53 57 51 52 53 52 88 55 59 73 65 71 64 62 61 66 75 69 78 78 64 65 69 101 83 62 54 62 69 103 118 145 112 101
10 10 10 11 9 11 12 10 11 11 13 13 13 14 15 16 17 19 20 20 21 21 23 24 23 23 24 20 25 26 27 27 30 31 31 32 33 34 34 31 31 36 36 37 37 37 35 38 38 40 40 45 42 49 52 49 45 41 51 43 49 48 47 48 64 51 50 55 51 55 60 68 64 66 62 59 60 65 67 69 75 85 51 72 69 88 75 64 91 100 110 108 120 144 111 102
10 10 10 10 10 13 10 10 11 11 12 13 13 14 15 15 17 18 19 20 21 22 22 23 23 23 23 24 25 25 26 28 30 31 32 32 32 33 36 29 34 35 36 37 38 35 35 38 38 39 39 66 39 39 39 45 39 39 41 42 46 48 45 46 46 50 51 52 52 56 59 61 66 69 63 60 63 63 65 69 67 72 51 75 71 60 47 60 79 78 92 77 90 117 95 85
9 9 9 10 10 10 10 10 10 12 12 12 12 14 14 14 17 18 18 19 20 21 22 23 23 24 23 22 25 27 27 28 29 29 27 30 27 28 26 33 34 34 33 33 35 35 35 37 37 37 38 40 39 39 39 40 40 40 41 43 44 44 45 46 46 49 44 50 56 63 66 64 72 77 66 59 63 59 62 67 64 59 70 79 63 68 79 82 56 52 62 77 91 107 79 66
10 9 9 9 10 10 12 8 9 11 11 12 13 13 13 14 17 18 18 19 19 20 20 22 23 24 19 21 24 27 28 28 29 27 24 25 27 27 28 29 30 30 29 29 30 33 35 36 36 35 36 37 45 39 39 39 39 40 49 44 43 43 43 49 44 43 49 57 59 53 53 73 65 64 59 58 59 58 60 66 65 63 73 60 47 80 82 59 54 46 45 71 69 73 67 74
9 9 8 9 9 11 12 10 11 11 13 12 12 13 13 13 16 15 15 16 17 17 17 19 20 20 19 22 25 26 27 27 28 26 25 24 27 26 28 25 28 29 30 30 31 31 34 35 35 34 35 38 58 48 38 39 39 39 41 41 41 41 43 44 44 46 48 49 50 53 49 58 54 55 54 58 53 56 59 59 65 60 45 48 49 62 65 43 40 46 41 41 40 48 60 62
10 10 10 11 11 11 11 12 12 11 12 12 13 13 14 15 16 18 18 19 21 21 21 22 18 20 24 24 25 25 27 27 27 27 27 26 24 24 26 27 28 29 29 29 30 30 33 34 34 34 39 69 48 47 39 39 39 39 40 41 41 42 42 43 44 45 47 49 47 48 49 51 51 52 53 55 55 53 60 61 64 56 51 50 49 45 44 52 50 54 53 42 41 50 48 51
9 9 10 10 11 11 11 17 12 12 15 15 15 13 16 16 18 19 19 20 21 22 22 23 23 22 24 25 24 24 25 25 25 25 24 24 24 24 23 26 27 27 29 30 30 32 32 33 34 33 45 35 36 43 42 32 35 37 38 38 39 40 38 42 43 43 44 44 43 45 46 48 50 51 51 52 53 54 53 59 60 58 58 56 52 49 47 53 53 52 48 43 42 47 45 45
9 9 9 9 9 11 12 14 12 13 14 15 15 16 17 18 19 21 21 23 25 25 25 25 25 23 23 23 23 23 24 25 25 24 24 22 24 25 25 27 28 28 27 29 31 31 32 33 33 33 41 32 34 33 33 32 35 35 37 37 38 40 40 40 41 43 43 42 45 46 47 47 48 51 51 51 52 54 58 58 58 59 58 58 57 56 56 55 54 54 37 52 54 55 56 56
9 8 10 10 10 11 12 12 17 11 15 15 15 17 17 19 20 22 23 27 28 28 26 27 25 23 23 23 23 23 23 24 24 23 25 18 23 25 25 27 28 28 29 30 31 31 32 32 32 32 39 31 31 31 32 31 33 36 36 36 37 39 34 39 41 41 41 41 44 45 46 45 42 46 49 55 53 53 64 58 58 59 58 56 52 55 55 54 51 50 48 36 53 50 47 50
9 9 9 10 10 11 11 11 18 13 14 15 15 16 17 20 22 23 27 29 29 34 33 26 25 23 23 23 22 22 22 23 23 23 22 24 24 24 24 26 26 26 28 28 30 31 31 30 30 30 31 30 29 30 30 32 33 34 35 36 37 37 37 39 39 38 39 42 43 42 42 47 86 57 53 49 49 51 53 55 55 55 55 55 53 49 54 52 45 48 45 39 49 49 46 44
9 9 9 10 10 12 12 12 13 13 13 15 15 17 19 20 23 24 26 27 30 34 30 29 26 25 24 23 23 23 23 23 22 23 23 22 24 24 25 25 26 27 27 28 29 30 29 29 29 29 29 29 25 27 30 31 32 34 33 35 36 37 37 36 34 38 39 41 42 37 53 59 57 49 47 45 47 48 50 51 51 53 54 54 51 50 53 52 45 48 45 39 50 51 45 50
9 9 10 9 10 12 11 14 14 17 13 14 15 16 18 20 23 25 24 28 35 33 31 28 26 23 23 23 21 22 22 22 22 22 22 22 23 24 23 25 26 26 26 26 27 30 29 28 28 29 29 28 25 30 30 31 31 31 30 34 38 54 58 43 33 34 39 38 39 51 68 54 45 45 44 44 47 47 48 48 50 52 53 52 51 50 52 53 40 49 45 42 52 41 45 48
8 8 9 10 10 11 11 11 11 13 14 14 14 17 20 22 27 27 29 27 26 24 23 23 23 22 22 20 20 21 21 21 22 22 21 22 20 22 22 24 25 26 27 27 27 27 28 28 28 26 27 28 25 26 23 23 26 29 32 34 33 34 29 34 36 37 38 38 40 41 42 42 44 42 43 43 43 43 45 48 50 51 50 51 43 52 51 51 44 44 42 44 42 54 61 64
9 10 10 9 9 9 11 11 12 12 12 12 15 21 22 24 25 26 28 27 27 26 24 23 22 22 21 21 20 21 21 21 21 22 22 22 16 18 22 23 24 24 25 25 25 27 27 27 27 24 27 28 21 24 29 29 29 30 31 31 28 28 33 35 36 37 38 38 40 40 41 42 41 41 41 41 42 42 46 47 49 49 50 50 43 50 50 49 34 35 34 46 63 69 73 65
8 9 10 8 11 11 10 10 10 13 20 18 19 21 21 23 24 24 24 24 24 23 21 22 21 21 20 20 20 20 20 20 20 20 20 19 21 20 21 21 23 24 25 25 26 26 27 27 23 27 27 25 27 28 29 29 29 30 31 31 32 32 33 34 37 36 36 37 39 40 40 40 41 40 40 41 44 43 45 47 47 50 50 48 44 49 44 49 36 38 46 64 56 61 61 70
10 10 10 10 10 10 11 12 13 15 18 21 19 20 20 20 21 21 23 24 23 22 23 21 21 21 21 21 20 20 20 20 21 20 21 21 19 21 21 20 21 22 23 25 25 25 25 26 23 22 26 27 28 28 28 29 29 30 31 31 32 33 33 33 34 35 36 37 37 38 38 38 39 40 41 41 41 42 44 44 46 47 48 47 46 34 43 41 37 43 67 59 61 66 73 96
10 11 12 11 10 10 13 14 17 17 17 18 19 19 20 19 21 20 22 22 20 21 21 21 21 21 21 20 19 20 21 19 19 20 16 19 21 21 21 22 23 23 21 23 16 23 23 23 25 27 27 27 27 28 28 29 30 31 31 31 32 32 33 34 33 34 37 42 39 39 40 40 41 42 42 43 42 43 43 43 44 47 46 47 36 31 43 35 41 65 49 62 83 78 82 85
11 10 10 11 11 12 14 15 16 17 18 19 20 19 19 20 19 19 20 20 20 20 20 20 20 20 20 19 20 20 20 20 20 13 15 16 15 20 21 22 22 22 22 23 23 22 25 25 26 26 26 26 26 26 28 29 30 31 31 31 31 32 32 34 34 35 45 79 44 38 38 39 40 42 42 42 43 43 45 46 46 47 47 43 34 34 31 42 54 46 51 81 71 87 86 109
10 11 11 12 14 15 16 16 17 18 17 18 23 19 19 19 18 19 19 19 20 20 20 20 20 19 18 19 20 20 19 19 14 17 19 20 20 21 21 21 21 21 24 24 24 24 25 25 25 26 26 27 25 26 28 29 30 31 31 31 31 32 33 34 33 33 55 89 47 38 39 39 41 42 42 42 30 31 31 31 34 44 43 36 28 49 37 40 44 50 48 56 65 66 71 79
12 11 12 14 15 15 16 16 17 17 16 16 19 18 19 19 20 18 18 19 19 20 20 20 20 20 19 19 19 19 19 14 19 20 20 20 21 20 22 19 19 18 21 20 22 18 20 20 23 24 20 21 21 27 27 28 29 30 30 30 30 31 32 32 33 36 58 92 48 39 38 39 41 42 42 38 31 32 36 39 39 34 32 35 50 42 54 69 67 71 59 68 81 95 89 90
11 12 14 14 14 14 16 17 17 17 17 18 18 22 18 19 17 17 18 18 19 19 19 19 20 20 17 18 18 18 18 13 19 19 20 19 21 22 21 21 20 20 23 23 24 22 24 24 23 26 25 25 26 22 26 27 27 29 29 29 30 30 31 31 32 35 67 91 46 40 39 39 40 41 41 33 32 31 36 41 47 48 46 49 53 46 48 69 59 68 70 72 77 98 97 90
13 14 14 14 15 15 15 16 15 15 16 17 17 19 16 16 17 17 17 18 18 18 18 18 18 18 19 18 17 18 14 17 18 19 20 20 21 21 21 21 20 23 23 23 24 25 24 24 25 25 25 25 25 25 25 26 26 27 27 28 28 28 29 30 31 37 53 89 61 39 39 39 39 40 38 32 30 31 36 52 46 47 54 51 48 48 49 52 63 66 74 88 112 106 87 77
10 9 12 9 13 13 10 12 13 14 15 15 15 15 19 14 15 16 16 16 16 17 17 17 17 17 14 15 16 17 17 17 18 18 19 19 19 21 22 22 23 23 23 24 24 24 26 26 26 26 26 26 26 27 27 27 26 26 27 27 27 28 29 29 30 30 33 53 75 48 40 39 38 32 31 29 31 31 34 40 44 46 46 46 47 52 59 54 66 92 92 86 95 69 69 61
9 11 9 10 8 9 12 11 10 10 14 12 15 15 17 15 15 15 15 16 17 17 16 17 17 17 12 17 17 17 18 17 18 18 19 19 20 21 21 22 21 22 24 24 24 24 26 26 27 24 27 27 27 26 28 27 34 37 26 27 27 27 27 29 34 29 32 47 49 49 44 37 32 31 27 31 40 45 48 43 45 46 46 47 47 48 63 69 64 99 94 80 67 62 57 61
8 9 9 9 10 10 11 11 12 13 14 14 13 16 16 16 15 16 16 16 16 16 16 16 17 17 11 15 16 16 17 16 17 17 18 19 19 21 21 21 21 22 19 19 19 20 25 25 25 23 22 22 27 27 26 27 28 38 25 29 27 27 27 28 31 44 43 53 40 38 37 38 30 34 31 42 42 53 45 45 44 46 47 46 46 53 58 82 83 92 73 79 60 55 53 53
9 9 11 10 10 10 9 11 11 11 11 13 14 15 14 19 15 15 15 16 16 16 16 16 16 11 11 14 16 16 18 17 17 18 19 19 20 20 21 23 23 17 21 24 24 25 26 25 19 20 20 19 21 21 19 28 30 35 26 26 26 27 28 33 39 54 48 37 39 38 34 31 27 34 41 47 50 43 49 44 44 45 45 46 49 64 80 90 112 86 68 55 50 49 58 78
9 9 10 10 10 9 10 9 9 9 9 9 12 16 15 16 16 16 16 17 15 15 15 16 14 13 14 17 16 17 17 18 18 19 17 18 20 21 21 20 19 19 23 24 24 24 26 26 20 21 21 20 23 22 22 24 29 31 34 27 27 27 53 49 52 36 38 47 36 34 27 28 26 36 39 41 40 47 44 44 44 45 47 57 60 70 85 87 77 73 61 49 50 60 71 73
10 10 10 10 10 7 8 9 9 9 11 9 9 11 15 15 17 17 15 16 11 11 9 11 13 16 18 19 19 15 14 19 19 19 19 19 20 22 22 22 23 17 23 23 23 24 26 26 25 20 20 21 22 23 23 24 29 32 29 35 40 31 45 34 41 35 29 28 24 31 28 29 40 34 39 41 41 44 44 44 44 45 46 47 51 98 73 69 68 67 51 51 53 56 62 77
10 11 12 11 11 9 10 10 10 9 11 11 9 10 14 15 15 17 17 9 15 15 16 15 16 16 17 17 17 16 17 12 19 19 19 20 20 21 19 23 23 22 22 23 24 24 27 27 27 28 28 23 22 22 23 20 30 30 30 32 40 35 34 35 36 24 33 31 34 38 39 39 40 40 40 40 41 42 43 44 44 43 44 58 70 79 67 53 47 45 48 52 64 103 148 143
10 11 11 11 10 7 10 10 10 10 10 10 10 10 11 15 16 16 17 9 15 16 15 15 16 12 12 13 14 15 15 14 19 20 20 20 19 19 18 23 23 23 23 25 25 25 27 27 27 27 28 29 26 27 26 30 31 42 41 37 35 32 34 35 36 23 31 35 35 36 36 36 38 43 38 41 41 42 43 43 44 46 51 70 79 61 53 47 48 43 49 65 89 100 122 104
11 11 11 11 12 8 9 10 10 10 10 10 14 10 11 13 16 16 16 10 16 16 17 16 14 15 15 11 14 14 18 19 18 20 21 21 16 22 22 23 23 23 24 25 26 26 26 26 27 28 28 29 29 30 26 35 40 30 32 24 27 22 23 31 34 23 33 36 36 36 35 32 35 36 36 38 39 40 42 43 44 47 49 78 74 50 55 46 41 55 58 91 88 80 97 115
14 13 14 11 11 10 12 11 10 9 9 16 16 10 10 9 12 8 11 16 17 17 17 16 14 15 17 18 17 18 19 20 15 18 20 21 18 21 21 22 22 23 24 25 25 25 26 27 27 28 28 29 29 30 27 23 22 23 29 24 27 47 26 26 30 27 31 35 37 38 39 39 39 40 40 41 41 41 42 42 47 53 69 77 64 47 44 40 44 59 64 58 64 68 85 111
14 17 11 12 12 12 9 10 10 11 13 14 16 16 17 16 15 18 17 16 17 17 17 17 16 15 18 18 18 19 19 20 20 16 13 18 21 21 21 22 22 22 23 23 24 25 27 27 27 27 28 29 29 29 30 32 32 25 27 22 26 34 35 26 25 29 32 34 37 38 39 39 39 40 40 47 42 44 49 56 65 74 56 46 44 45 45 49 54 73 89 79 66 100 130 103
14 16 15 14 13 12 9 9 12 14 15 16 16 16 16 16 16 17 16 16 17 17 17 15 16 15 18 18 19 20 19 21 21 21 21 21 21 20 22 22 22 23 23 24 25 26 27 27 27 28 29 29 30 30 31 31 38 22 23 29 34 35 35 36 33 34 36 38 37 38 38 39 40 40 40 43 41 42 60 78 99 73 66 52 42 45 48 55 90 100 76 92 85 82 107 113
13 14 15 13 12 10 9 10 11 12 12 14 15 16 16 16 16 17 19 16 16 13 14 14 15 14 17 19 19 19 20 20 20 21 20 21 21 22 22 22 23 24 24 24 25 26 26 27 27 28 28 29 29 30 30 31 33 35 32 31 33 35 35 36 36 25 29 36 38 38 39 39 39 40 49 39 39 48 55 80 63 45 44 47 38 46 57 97 87 57 87 79 75 108 113 108
17 17 16 13 12 12 10 11 11 11 14 15 15 16 16 16 17 17 16 12 12 12 12 14 15 15 18 19 19 19 20 20 20 21 21 21 21 21 22 22 22 24 25 25 25 26 26 27 27 28 29 30 30 30 30 36 31 30 45 33 34 34 35 36 36 36 35 30 36 38 39 40 43 39 40 39 52 45 84 56 49 40 38 36 41 44 63 60 49 73 64 68 61 79 83 70
17 16 14 14 13 13 12 11 10 12 12 13 14 15 16 16 16 16 16 12 12 12 13 13 13 12 20 20 20 18 20 21 19 21 21 20 20 21 23 23 23 24 24 25 25 25 26 26 27 28 28 29 29 30 30 41 31 31 32 33 33 34 36 36 36 35 36 37 38 38 38 39 39 39 39 40 40 43 56 48 36 35 33 38 36 39 38 39 67 66 55 57 70 80 76 61
16 16 14 14 14 13 13 13 13 13 11 11 13 15 15 15 15 13 11 11 9 10 11 12 12 13 18 17 19 18 17 20 19 19 18 19 20 22 22 22 22 24 24 24 25 23 24 25 27 28 28 29 28 27 29 42 36 30 32 33 33 36 34 35 36 35 36 37 39 39 41 42 40 40 44 38 35 32 35 36 34 34 33 35 36 39 38 41 43 48 54 51 60 58 63 62
17 15 15 15 15 16 14 14 14 13 13 14 12 10 11 13 12 9 14 16 15 16 16 17 17 18 19 19 19 18 18 18 19 19 19 20 21 21 22 22 22 23 22 23 24 25 25 26 26 27 27 28 28 28 28 30 36 31 31 32 32 34 34 34 34 35 36 36 38 38 37 38 38 38 30 30 31 30 36 39 34 34 39 43 45 61 48 41 41 41 45 49 49 49 48 50
18 15 16 17 16 15 14 14 13 14 15 14 13 12 11 8 12 13 16 12 13 15 15 17 17 18 18 19 19 18 19 19 18 18 20 21 21 20 21 21 21 22 23 23 23 24 25 26 26 27 27 27 27 27 29 30 30 31 31 32 31 32 33 33 34 35 34 36 37 42 35 38 38 39 31 31 39 39 39 40 41 41 43 58 48 66 74 61 45 45 44 46 49 52 52 52
16 16 16 16 16 17 16 16 15 15 15 11 11 11 12 12 15 16 16 17 17 18 17 17 18 18 19 18 18 18 19 18 19 19 19 19 20 20 21 21 22 22 22 22 23 23 23 25 25 26 26 26 27 28 28 26 25 25 32 32 29 28 31 31 30 32 30 29 35 35 35 36 37 40 34 31 38 39 39 41 44 45 46 66 71 73 54 50 47 48 47 46 60 63 69 73
16 16 16 17 17 17 17 17 17 15 14 12 13 14 15 8 11 16 16 16 16 16 16 17 17 18 15 18 18 17 18 17 19 19 20 20 20 20 20 22 22 22 22 22 23 24 24 25 25 24 27 28 24 21 22 22 23 24 22 24 30 23 25 25 27 29 25 25 34 29 37 38 35 33 46 49 39 45 45 62 56 74 59 58 69 60 70 60 54 62 69 63 49 49 64 60
16 16 16 16 17 17 17 17 16 17 16 13 13 14 16 13 10 14 16 16 17 17 17 18 18 17 18 18 18 18 19 19 19 19 20 20 20 21 21 22 22 22 22 22 22 23 22 16 18 22 21 24 23 22 21 27 28 32 22 26 32 24 25 28 29 26 28 29 35 37 37 33 35 36 54 39 41 46 45 64 72 100 63 81 97 71 74 76 62 75 82 55 50 51 54 54
16 16 16 17 17 17 18 17 17 16 15 12 13 14 14 14 14 14 13 17 16 17 17 17 17 17 17 17 18 19 19 18 19 19 20 21 21 21 21 21 22 23 23 24 24 25 22 23 24 21 25 25 27 25 26 29 29 30 31 30 31 33 26 32 33 30 24 32 36 35 31 29 37 36 55 39 44 54 48 49 60 78 102 121 94 115 86 71 69 94 69 52 62 53 54 55
16 17 17 17 17 17 17 16 16 16 16 13 13 14 15 15 16 17 15 16 16 16 16 17 17 17 17 17 18 19 19 18 20 20 20 21 20 21 21 22 23 23 23 22 21 21 21 22 24 26 26 26 27 28 28 29 30 30 30 31 31 34 34 34 36 36 35 27 32 33 30 31 44 46 40 41 46 59 54 57 86 102 121 107 115 116 76 70 91 69 57 56 62 54 69 61
15 18 17 17 18 17 17 16 17 17 18 16 15 15 16 16 17 18 17 17 16 17 17 17 17 17 17 17 17 18 19 19 19 21 21 20 22 22 22 23 23 21 24 24 24 24 22 23 24 25 24 25 26 26 28 29 29 30 30 30 32 34 33 35 35 36 38 38 48 44 53 45 70 55 42 49 48 54 77 107 116 123 121 118 99 124 104 114 72 76 72 71 57 56 57 76
16 17 17 17 17 17 17 17 17 17 17 17 16 18 18 17 17 20 15 18 18 17 15 16 16 17 17 17 17 18 18 19 20 20 21 21 21 21 22 24 23 23 23 23 24 22 23 24 24 25 24 25 24 26 28 29 29 29 30 30 33 32 34 35 34 35 39 38 56 50 55 65 94 43 46 47 68 84 121 137 140 125 105 103 92 119 107 123 102 107 76 87 73 63 62 84
16 16 16 17 18 17 17 17 17 17 17 17 17 17 17 17 14 21 18 17 18 14 17 16 16 17 18 18 18 18 18 18 19 19 20 20 20 20 21 22 22 24 24 24 24 22 24 24 25 25 24 24 26 29 27 29 30 30 30 31 32 31 33 34 35 37 49 44 43 51 51 74 57 47 47 51 76 89 108 123 114 145 128 101 99 102 99 108 114 107 91 80 68 60 72 97
16 16 16 16 16 16 17 17 17 17 17 17 17 17 17 16 16 22 16 16 16 16 16 16 16 16 16 16 12 16 16 14 18 18 19 19 18 16 21 21 19 22 22 23 23 23 23 23 24 26 27 27 27 27 29 29 30 30 30 31 31 34 33 33 38 49 50 77 48 59 108 83 62 52 56 66 79 82 119 113 107 111 128 133 117 85 100 105 105 92 96 78 67 67 94 123
16 16 16 16 17 17 17 17 17 17 18 18 18 18 18 16 16 18 16 16 16 16 16 17 16 17 17 17 17 17 18 18 19 16 20 18 19 19 20 16 21 21 22 22 23 22 23 23 24 26 26 26 27 27 27 28 30 30 31 31 32 28 34 35 48 69 84 87 70 72 114 82 70 59 69 89 96 109 135 126 100 95 116 126 111 76 92 96 108 85 101 92 74 76 132 131
15 17 17 16 17 16 16 16 17 17 18 18 18 17 17 16 16 23 16 16 16 16 16 17 17 17 17 17 17 17 17 17 18 18 18 18 18 17 20 21 21 21 22 22 23 23 23 24 25 26 26 26 27 27 27 29 30 30 30 31 28 40 43 55 84 78 79 66 89 84 84 91 72 87 111 106 105 118 112 125 114 87 112 128 99 82 75 76 82 83 84 93 100 96 134 128
14 14 14 14 14 16 16 16 15 15 16 16 16 16 16 16 17 23 17 16 16 16 16 16 16 16 16 16 16 17 17 17 17 17 18 18 18 19 19 20 20 21 21 21 22 23 24 25 25 25 29 25 28 28 29 29 29 29 33 40 34 51 47 45 49 53 49 56 61 65 68 92 114 142 119 115 113 111 96 119 96 88 77 104 87 74 70 89 97 95 94 113 128 146 132 134
