Test Date/E120/N24/N24.asc
ncols        1201
nrows        1201
xllcorner    119.999583333333
yllcorner    23.999583333333
cellsize     0.000833333333
NODATA_value -32767
[rows 600 to 659 of 1201, columns 960 to 1055 of 1201]
97 99 99 98 98 100 101 101 102 101 102 102 102 101 103 103 102 102 104 104 104 103 105 106 106 106 106 106 106 107 107 107 107 107 106 108 107 106 106 105 105 105 105 114 127 134 155 183 184 166 185 229 199 211 221 178 207 242 280 245 232 234 258 304 357 361 345 322 346 332 299 322 327 345 412 469 481 474 485 502 531 533 512 484 521 528 529 515 555 554 568 575 601 632 688 684
99 99 99 98 99 99 100 101 101 102 102 102 102 103 104 104 103 104 105 105 105 104 105 106 107 107 107 108 108 108 108 108 108 108 108 108 107 108 107 106 106 107 114 107 107 109 119 143 149 159 174 186 194 191 218 220 216 245 284 275 258 269 250 280 326 336 350 367 373 355 323 321 375 368 408 486 522 507 508 526 507 482 501 506 494 489 508 529 564 581 588 604 624 650 710 697
99 100 99 100 101 100 101 102 101 101 102 103 103 103 104 104 104 105 105 106 106 106 106 107 107 107 107 107 107 108 108 108 108 108 108 108 108 108 108 107 107 107 112 141 128 112 114 114 115 148 166 154 175 154 197 223 241 228 251 290 296 301 326 328 291 299 317 367 404 367 377 356 358 398 447 514 502 469 475 448 442 427 426 436 468 499 505 540 556 580 602 623 651 699 704 696
99 99 100 101 100 102 102 102 102 101 103 104 104 104 104 104 105 105 106 106 106 107 107 107 108 108 109 109 109 110 109 109 110 110 109 110 110 109 109 108 108 108 126 166 150 156 131 114 117 170 175 135 149 167 174 213 248 259 274 292 266 254 340 309 300 336 349 353 356 403 424 401 393 429 450 502 484 441 432 415 410 415 440 437 496 531 541 543 546 564 594 627 658 686 659 667
101 101 101 101 102 102 103 102 103 102 104 104 104 105 105 105 106 106 106 107 107 107 108 109 109 109 110 110 110 110 110 111 111 110 110 110 110 110 110 109 109 109 127 153 181 161 135 116 117 140 130 143 167 194 218 234 247 251 256 249 246 280 315 265 274 309 325 312 322 352 393 440 462 466 484 466 452 418 391 388 399 439 457 467 491 541 560 581 589 593 613 642 638 649 615 625
102 103 101 102 103 104 106 106 106 105 105 105 105 106 106 106 106 108 108 108 108 109 109 110 110 111 111 111 111 111 111 111 111 111 111 111 111 111 111 110 109 110 153 153 153 204 171 129 120 125 137 159 194 202 228 208 218 213 230 219 274 300 272 251 260 298 303 276 323 359 404 437 464 479 447 423 418 390 395 409 418 451 478 501 529 530 534 564 570 577 606 644 626 602 585 599
103 104 105 104 104 105 106 106 106 108 107 107 107 108 108 108 108 108 109 109 109 110 110 110 111 112 112 112 112 112 112 113 113 113 113 113 114 113 113 112 113 124 170 203 183 191 167 159 130 122 129 156 157 180 174 164 186 172 172 177 193 215 225 220 240 239 246 254 294 337 366 381 376 397 399 392 389 365 404 427 447 460 475 522 576 569 552 558 570 588 622 631 615 579 528 558
104 105 106 104 104 105 106 107 108 111 109 108 108 109 109 109 108 110 110 111 111 111 111 112 111 113 114 113 113 114 114 114 114 114 114 114 115 115 115 116 121 157 166 195 215 220 212 178 137 126 125 124 131 140 140 164 151 163 196 229 176 175 195 207 221 226 231 253 283 306 303 324 353 366 352 375 364 374 422 448 471 493 496 512 579 582 571 562 595 597 607 632 604 549 503 512
105 106 105 106 106 108 107 109 109 110 109 110 110 111 111 110 111 111 111 112 112 112 111 112 113 113 114 114 115 115 115 115 115 115 115 115 115 115 115 132 143 158 200 190 198 244 230 177 153 153 144 131 156 153 160 181 179 185 235 248 198 204 209 221 254 241 266 268 262 275 285 296 308 315 324 349 355 408 442 469 483 507 527 529 574 597 589 572 597 631 651 640 594 552 502 483
106 106 107 107 108 108 108 109 110 109 110 110 111 111 111 110 111 111 112 113 113 113 114 115 115 115 116 116 116 117 117 116 116 117 117 117 117 118 118 141 155 188 233 238 240 246 225 186 193 195 176 149 150 204 241 228 238 252 267 272 248 247 265 241 244 253 254 280 283 311 350 377 350 347 359 402 403 418 457 486 510 546 583 587 590 584 596 606 611 628 666 646 634 610 538 480
105 109 108 108 108 108 110 111 112 111 112 112 113 113 112 111 112 112 112 113 114 114 114 115 117 117 117 117 117 117 118 118 118 118 118 118 118 119 119 135 149 182 213 252 271 252 218 217 228 197 187 153 161 207 238 253 274 284 290 295 265 272 274 250 269 286 303 306 335 326 317 379 390 393 392 434 444 453 468 521 524 554 605 612 583 608 614 631 645 673 672 667 631 574 529 501
106 108 108 110 111 108 111 110 111 112 113 113 113 113 113 113 114 113 114 114 116 116 116 117 117 118 118 118 118 119 119 119 119 118 118 118 119 120 120 135 148 164 206 222 261 275 259 283 234 195 189 164 171 192 226 251 249 258 330 304 291 307 305 272 285 328 328 344 374 367 331 349 376 406 445 472 467 469 521 527 552 622 616 629 592 608 622 664 667 651 638 624 608 580 502 463
106 107 108 109 110 109 111 111 113 111 114 114 114 114 114 114 115 115 115 116 117 116 117 118 119 119 120 120 120 120 120 121 121 121 121 121 121 121 121 142 147 159 183 205 245 281 282 281 240 204 187 206 183 160 174 194 229 270 318 293 292 316 327 330 343 351 389 387 437 405 357 371 380 413 445 469 479 514 567 571 598 634 641 646 637 641 647 681 645 605 571 557 542 519 479 470
110 110 109 110 112 111 112 112 114 114 116 116 116 116 116 116 116 116 116 118 118 118 118 119 121 121 121 121 121 121 121 121 122 122 122 122 121 122 122 141 161 186 183 213 224 260 280 282 251 225 212 171 208 211 181 205 201 244 269 254 257 283 304 349 363 403 440 420 457 417 363 383 386 428 460 472 488 539 573 594 654 631 614 614 624 663 687 709 673 636 588 534 512 487 449 436
113 108 111 111 114 112 113 114 116 114 116 116 117 116 116 117 117 117 117 118 118 118 120 120 120 120 122 122 122 122 122 123 123 123 123 123 123 123 124 137 144 178 212 202 211 254 294 281 241 202 192 188 230 220 213 236 253 227 238 253 261 264 286 308 335 379 414 460 481 425 381 406 423 438 467 502 526 562 583 645 645 617 591 581 611 655 679 714 690 635 609 585 537 486 501 488
110 110 111 112 112 114 113 115 116 116 118 118 118 118 118 118 118 118 119 120 119 121 121 122 123 123 123 124 124 124 124 124 125 124 124 124 124 124 124 123 134 159 184 230 256 256 280 254 222 181 199 227 265 244 216 284 306 250 237 260 277 315 313 323 361 405 432 453 493 429 400 422 462 488 491 558 573 576 636 628 611 584 561 559 582 630 651 712 735 681 619 574 528 535 555 539
112 113 112 114 115 113 114 115 116 115 119 119 119 119 118 120 120 120 120 121 122 122 123 124 124 124 124 125 125 125 125 126 126 126 126 126 126 127 127 116 133 162 184 207 249 281 281 270 225 208 227 247 285 245 233 278 300 278 266 252 253 280 346 374 381 389 430 453 487 439 436 461 477 483 511 571 581 598 632 616 586 567 558 549 598 654 672 687 701 697 655 597 584 581 520 488
112 113 113 115 115 116 117 117 117 117 120 120 120 120 120 120 120 121 121 122 122 122 122 124 125 125 126 126 126 127 127 127 127 128 128 127 127 127 128 118 131 171 188 207 245 273 286 274 245 203 224 276 273 249 255 254 263 303 301 279 276 274 315 356 386 433 461 471 479 461 457 486 510 515 543 576 586 613 611 592 573 567 556 534 596 665 660 629 631 662 679 655 637 579 532 516
113 114 113 115 116 117 117 117 119 119 120 122 122 122 122 121 121 121 122 122 123 123 124 124 126 126 127 127 127 128 128 128 128 129 129 129 129 129 129 128 128 162 206 208 245 259 292 286 240 219 212 253 296 287 295 288 268 294 335 294 285 290 312 308 338 382 437 429 459 473 472 505 521 534 557 582 591 630 605 581 564 552 537 520 585 630 625 587 575 626 619 614 641 609 573 527
115 115 116 118 118 117 117 118 119 118 122 123 123 123 123 123 124 124 125 125 126 126 126 127 128 128 129 129 129 130 130 130 130 131 131 131 131 131 132 133 141 165 222 231 251 278 294 300 276 236 227 247 288 345 331 292 307 318 354 319 324 352 351 391 379 378 392 411 436 464 495 528 543 568 585 605 612 629 568 540 539 514 496 496 557 591 567 540 510 547 522 564 566 612 583 536
115 112 114 116 116 118 118 121 119 119 123 123 123 124 124 124 125 125 126 127 126 127 127 128 128 129 130 130 131 131 131 131 132 132 132 133 133 133 133 137 159 186 202 239 259 291 293 307 303 246 251 281 300 358 330 304 328 358 356 340 356 391 419 398 427 417 423 418 462 476 507 538 565 591 607 621 637 611 558 509 499 487 480 480 560 584 566 525 478 488 518 527 526 576 583 535
114 116 115 116 118 119 121 118 120 122 124 125 125 125 125 125 125 125 126 127 127 128 128 129 130 130 131 131 132 132 133 133 132 133 133 133 133 133 133 144 158 201 243 256 286 289 289 303 319 273 281 307 307 375 338 323 351 378 368 352 375 413 438 447 464 473 466 438 464 486 517 540 566 597 617 633 620 597 536 509 486 463 454 481 547 564 552 510 458 495 508 493 510 547 588 538
116 115 113 117 117 118 119 121 122 122 125 126 126 126 127 128 127 127 127 127 129 129 129 130 131 131 133 133 134 134 133 135 134 133 135 135 135 135 136 158 185 214 233 277 295 299 300 302 312 336 337 341 370 380 370 382 388 403 406 419 418 414 484 483 501 523 516 486 469 485 521 545 572 605 621 630 573 547 516 477 455 436 443 497 552 546 529 484 425 444 446 480 512 536 584 580
117 119 118 117 119 121 123 123 124 124 126 127 127 127 127 127 128 128 128 128 131 131 131 131 131 131 133 133 134 135 135 135 136 136 136 136 136 136 145 188 213 236 225 255 275 257 278 288 313 332 321 314 393 376 333 349 402 414 400 453 455 450 490 512 523 554 552 511 489 521 537 552 580 612 625 588 537 501 489 449 435 416 441 501 543 535 511 470 407 431 466 495 530 563 626 616
116 119 121 120 119 121 118 124 123 122 126 128 128 128 128 128 129 129 129 130 130 131 132 132 133 133 135 135 135 136 136 137 137 137 138 138 137 138 164 199 207 205 218 243 233 223 240 257 287 296 271 315 377 333 311 351 374 377 387 439 441 474 503 525 558 565 532 523 502 512 549 590 598 623 641 571 537 489 451 442 414 407 443 492 516 501 484 459 392 436 489 501 507 519 599 602
118 121 117 121 121 122 123 125 123 123 129 129 129 130 130 130 130 131 131 132 132 132 133 135 135 135 136 136 137 137 138 138 139 140 139 139 139 139 143 188 179 160 191 180 193 186 191 219 239 233 242 299 291 284 285 313 324 339 362 377 387 406 444 493 533 539 505 483 481 525 545 571 600 627 575 527 487 461 422 401 383 405 451 479 458 447 444 399 380 421 422 434 457 506 606 605
120 122 118 122 123 121 125 123 125 125 129 130 130 130 130 131 131 131 133 133 134 134 134 135 135 136 137 136 136 136 139 140 140 140 140 140 139 139 142 152 156 160 178 173 183 224 213 218 226 244 252 252 260 271 310 316 323 341 393 417 426 441 454 478 540 506 471 453 467 508 519 562 592 610 548 504 482 445 426 393 367 403 433 460 412 395 402 375 372 399 427 443 483 516 586 550
118 117 119 122 122 122 125 123 124 124 132 131 131 131 132 132 132 132 133 133 134 134 136 136 136 136 139 139 139 139 139 140 141 142 142 142 140 141 156 201 190 195 215 204 242 255 252 260 275 310 304 266 284 311 307 308 339 358 419 448 457 468 486 526 517 484 446 429 483 495 522 575 618 588 529 498 472 444 408 389 356 408 451 444 397 364 351 347 406 458 477 469 496 547 542 479
123 122 124 121 126 124 127 128 127 128 129 129 130 132 132 132 132 132 133 133 135 136 137 137 138 138 140 141 141 141 142 142 142 144 144 144 144 144 150 156 157 168 185 216 248 254 297 322 327 369 346 309 300 337 358 333 357 361 400 414 431 466 496 511 477 452 423 420 483 508 543 592 606 547 481 440 428 390 383 347 347 399 415 402 359 332 332 371 378 419 446 520 560 610 542 493
128 124 123 125 125 123 125 127 126 126 130 131 131 133 135 133 134 134 134 134 136 137 140 138 138 139 140 141 142 143 144 143 144 143 145 145 145 144 168 169 178 193 198 190 206 241 292 296 363 386 362 342 334 350 374 365 388 382 447 448 452 461 488 446 439 431 407 418 481 512 555 597 584 515 469 409 378 364 356 328 345 402 383 367 317 325 347 389 432 427 437 480 531 586 512 483
147 131 122 126 127 126 126 127 128 129 132 134 132 131 131 134 135 135 136 136 137 137 138 141 139 140 142 141 143 143 143 145 144 145 146 146 147 146 173 201 209 226 253 214 212 213 252 278 346 390 359 378 380 387 394 403 418 404 440 482 482 498 450 414 402 405 395 402 497 517 558 604 573 533 480 419 403 360 330 318 351 396 358 329 309 351 380 405 437 462 502 527 566 559 462 439
167 168 141 124 126 125 126 124 127 128 133 134 134 133 133 133 134 136 137 137 138 139 139 140 141 141 142 144 144 144 144 144 146 146 146 147 148 148 168 216 245 247 288 260 253 246 290 328 364 357 336 346 399 418 395 422 442 456 464 493 502 479 436 396 377 368 385 434 472 535 566 599 547 487 433 394 377 360 319 308 366 377 338 302 339 338 353 362 389 416 470 497 573 506 419 411
190 176 164 144 144 136 124 127 129 129 134 135 135 134 135 135 138 136 139 139 139 140 141 142 142 143 144 144 145 145 145 146 147 147 148 148 150 150 156 214 212 234 241 286 308 290 290 282 318 312 315 358 380 380 357 385 404 430 509 479 450 396 369 349 338 365 378 421 484 555 581 594 513 460 438 424 380 342 305 294 355 342 307 279 339 354 356 358 385 417 465 503 528 455 369 372
196 177 170 152 149 133 124 128 131 132 134 134 135 136 136 137 138 138 137 139 141 139 140 142 143 144 144 146 147 147 147 147 147 148 149 149 151 152 155 188 204 230 241 264 258 253 267 304 292 312 321 333 349 348 372 423 433 448 491 447 419 375 339 324 328 359 399 425 509 544 550 564 506 438 421 419 378 336 291 302 346 316 288 264 330 374 380 431 421 450 464 490 471 408 350 365
185 178 173 153 152 136 130 129 131 131 136 136 134 135 136 137 139 139 138 139 140 141 143 143 143 145 146 146 148 148 148 149 149 150 150 150 149 152 161 174 178 202 210 248 227 248 300 282 275 319 334 328 349 362 372 397 440 469 432 401 387 341 313 307 317 357 391 435 481 512 540 509 471 454 384 374 353 321 274 298 329 287 273 265 327 385 416 427 456 425 408 460 444 393 316 363
205 182 175 164 152 148 130 130 133 133 134 145 136 135 135 140 140 140 138 141 143 142 143 145 145 145 148 148 149 149 151 152 152 152 152 152 153 154 158 175 176 183 202 204 228 273 281 242 254 305 323 371 372 373 382 400 398 420 386 362 345 311 274 272 334 367 421 421 487 528 522 416 377 398 348 330 316 279 252 306 284 253 257 289 356 386 381 339 376 354 365 417 386 340 283 356
204 193 185 171 156 153 133 130 131 130 134 144 147 138 137 135 138 139 138 141 143 143 144 145 146 147 148 150 150 151 151 152 153 153 153 153 154 154 156 172 176 179 197 197 229 277 245 226 274 310 324 335 345 347 356 367 386 425 371 340 333 296 261 285 353 382 409 394 480 440 438 404 350 329 317 299 287 261 250 303 266 240 255 301 322 343 335 298 322 318 370 386 360 312 280 347
200 199 183 166 168 152 140 131 130 128 136 142 150 152 151 135 142 142 141 140 144 145 145 146 147 147 148 149 150 149 152 154 154 156 155 155 155 155 156 175 176 179 189 200 236 238 216 219 244 275 284 311 311 328 349 337 370 385 324 292 281 272 246 286 320 351 357 429 430 400 358 341 327 298 283 273 265 256 249 281 248 228 282 292 281 314 305 269 282 313 374 347 316 284 258 314
237 218 194 183 185 171 142 139 133 128 135 139 153 155 154 150 140 141 143 144 144 145 146 148 148 148 147 148 149 151 152 154 156 156 156 156 157 158 162 174 175 182 185 194 204 212 234 257 283 289 284 258 268 281 262 300 301 285 270 243 240 229 281 314 345 366 408 454 369 317 303 271 281 264 257 249 245 273 246 234 223 238 247 243 260 281 270 239 272 261 288 232 211 216 278 329
242 214 188 189 185 166 155 146 131 130 135 136 146 156 156 156 138 138 139 139 140 144 143 147 148 148 149 150 150 153 153 153 155 158 157 158 158 157 161 176 178 179 193 196 207 210 210 212 226 221 216 211 230 237 245 244 243 237 226 219 214 234 291 327 384 418 445 463 352 288 270 246 251 244 239 236 234 253 256 211 209 219 223 227 233 242 222 246 234 210 205 205 209 211 231 285
218 215 217 202 191 179 166 143 134 134 136 143 147 157 157 159 159 158 138 141 141 142 143 147 148 149 150 151 151 152 154 155 157 158 159 159 160 161 163 166 171 175 181 164 163 163 164 162 166 173 175 183 196 202 201 184 194 202 197 204 227 255 313 352 365 407 450 370 272 255 224 226 228 226 225 223 218 255 222 200 203 214 214 215 224 204 203 202 204 204 206 207 210 210 215 257
265 239 228 215 197 176 152 148 135 129 137 139 144 154 156 159 160 164 163 163 147 143 143 145 146 147 148 150 150 150 151 152 155 154 154 156 159 159 159 159 160 162 162 164 166 166 167 168 168 168 165 169 170 173 175 176 174 177 180 208 235 273 245 315 385 376 315 250 204 188 189 191 203 206 207 207 208 221 198 200 202 199 199 199 203 203 204 206 206 207 219 211 212 211 213 242
267 247 227 204 197 188 152 145 137 137 138 138 146 155 157 160 164 164 166 167 167 167 149 144 144 147 149 153 152 151 153 153 155 157 157 157 158 158 160 160 161 161 163 165 166 165 178 189 187 171 178 183 169 170 170 172 172 172 175 175 175 185 248 277 329 317 246 192 187 186 186 188 190 191 193 194 201 201 196 197 197 199 201 201 203 205 205 203 206 224 228 227 213 211 215 218
269 245 231 202 205 206 156 144 146 139 139 139 147 158 159 163 165 165 168 169 170 169 169 160 149 146 148 150 151 155 155 155 155 156 157 158 158 157 159 157 164 170 176 168 178 187 193 195 195 209 217 220 186 173 175 176 176 177 180 182 178 177 188 238 284 213 184 183 188 188 189 191 189 190 192 194 194 195 196 198 199 200 200 202 201 202 203 206 214 229 235 268 232 213 215 217
261 250 224 226 220 215 158 147 146 144 139 139 151 162 163 165 167 167 169 174 172 175 177 177 183 183 146 150 151 152 153 153 159 155 157 152 155 158 158 173 177 188 183 185 188 191 194 202 204 234 245 260 227 179 176 177 179 196 231 231 225 217 179 185 187 181 186 185 187 189 189 189 190 191 193 195 193 195 196 196 198 198 199 200 217 219 217 220 232 245 264 275 215 213 214 215
282 253 251 244 236 196 160 155 149 149 140 141 156 164 161 164 168 171 172 176 177 192 213 188 195 224 191 156 154 152 151 152 151 156 163 196 204 226 243 199 242 232 196 201 197 205 210 215 231 290 291 323 285 241 222 199 212 259 324 294 286 309 197 179 181 181 184 187 188 188 188 190 191 190 190 192 192 194 197 199 210 197 201 239 231 234 238 244 250 265 307 240 214 215 216 246
275 272 264 255 231 221 171 158 147 147 148 142 148 152 151 157 168 172 176 178 180 191 199 206 202 217 235 201 180 166 169 163 184 204 197 209 255 256 262 222 273 260 214 204 211 223 227 247 273 292 301 356 326 291 258 218 235 274 344 340 333 356 270 221 181 183 180 183 188 188 185 190 189 189 192 206 210 211 206 226 237 233 244 280 254 256 255 261 278 313 273 219 215 216 219 296
300 278 237 211 200 194 190 174 151 149 151 139 142 154 155 156 172 173 176 180 184 190 196 218 226 238 220 205 189 165 159 181 226 222 221 206 247 278 279 275 310 272 214 232 219 231 249 263 311 303 319 341 358 309 277 219 252 287 345 364 379 386 364 312 250 189 184 184 182 187 188 189 187 189 192 206 214 226 228 219 274 280 265 269 301 307 317 295 322 314 255 216 217 221 276 305
271 243 230 239 229 209 191 158 154 156 157 151 139 144 154 163 171 172 177 178 181 187 222 231 234 235 217 208 202 188 167 172 234 252 235 220 218 250 256 291 322 278 243 257 242 240 254 263 304 343 362 381 333 294 259 247 271 314 370 393 399 423 445 385 290 244 224 207 190 198 198 205 211 215 234 230 266 301 264 233 275 315 309 302 362 386 357 343 345 271 218 218 221 251 291 256
267 249 230 204 206 214 184 164 159 160 157 157 145 139 141 157 171 174 178 181 183 198 194 221 228 252 221 209 199 189 158 186 230 260 250 235 237 248 255 267 302 324 274 273 254 253 274 266 302 359 380 412 326 294 264 280 297 318 383 397 412 416 461 381 317 275 241 233 205 191 196 205 216 234 281 256 244 311 274 274 263 292 337 364 354 385 394 408 357 235 219 222 226 219 251 246
239 225 209 197 196 188 173 166 166 164 161 160 157 144 143 144 171 174 179 182 186 217 223 225 229 241 203 217 216 176 162 195 244 271 265 275 259 264 281 312 307 340 306 277 264 291 309 302 303 354 373 391 310 285 303 306 335 358 374 418 441 439 484 426 350 293 251 251 241 197 194 223 241 235 271 291 255 269 290 299 317 305 315 390 401 405 382 375 309 220 222 228 239 240 223 237
281 269 260 250 238 224 195 171 184 194 170 195 170 141 142 147 160 176 178 181 185 187 197 211 222 253 241 242 196 166 173 209 235 235 239 263 282 285 336 328 322 368 339 309 311 318 368 356 346 381 392 380 322 291 322 352 393 399 421 449 442 472 507 424 370 307 282 297 253 200 202 247 300 299 274 291 302 282 349 336 374 383 355 369 435 449 372 309 234 221 224 231 244 244 228 220
272 257 230 219 208 188 184 181 194 201 186 182 162 143 144 147 162 168 174 185 188 188 209 236 251 261 229 225 182 170 168 198 204 229 238 240 251 285 318 296 301 335 352 353 349 343 377 361 370 414 418 383 316 304 349 375 411 430 456 478 476 492 452 387 362 334 311 300 243 206 210 266 307 317 281 299 342 311 378 383 407 433 386 389 430 467 444 325 221 224 225 226 228 246 245 239
257 226 218 209 199 197 199 204 214 197 184 173 164 158 147 145 144 174 182 183 190 191 200 240 241 230 258 237 224 201 190 181 210 211 213 226 230 262 271 273 316 348 377 409 402 395 400 406 399 445 438 387 325 335 350 390 423 432 471 477 480 517 443 395 358 332 312 294 259 216 212 262 306 327 309 327 371 359 358 411 438 442 426 419 445 462 398 311 221 226 226 228 228 247 260 287
247 255 221 245 259 260 231 234 218 225 208 181 167 150 151 149 150 156 157 158 175 194 194 195 200 208 235 273 260 235 200 187 250 271 252 243 286 282 251 259 275 287 320 361 415 472 479 457 451 457 434 399 342 355 403 417 426 431 501 521 519 545 447 380 338 312 292 275 222 223 244 259 301 339 337 377 410 385 400 443 453 392 367 348 360 361 346 307 225 229 230 227 228 237 262 246
258 252 244 265 272 259 249 218 204 214 194 194 178 152 152 150 149 154 155 156 170 189 205 234 240 245 259 259 223 212 180 196 236 265 273 261 316 311 266 286 269 311 356 375 415 455 475 493 496 463 442 401 359 380 406 437 439 464 537 530 529 561 450 379 342 314 290 264 224 248 269 284 265 320 373 381 431 446 428 467 488 422 361 327 299 298 293 266 226 232 232 231 231 231 234 236
272 271 268 249 252 242 219 198 190 183 168 162 158 153 152 161 154 154 157 147 166 197 198 213 223 222 248 262 245 226 176 219 221 238 253 284 328 317 279 300 303 286 347 390 415 420 484 521 515 478 439 406 366 390 419 458 466 482 532 534 545 520 425 378 347 317 282 242 247 272 287 316 318 299 360 422 430 490 482 489 487 422 382 357 337 307 257 234 225 230 232 234 232 233 234 237
290 277 268 268 254 234 195 196 209 202 190 188 206 157 156 154 153 168 160 149 168 180 209 217 205 201 222 228 262 214 186 224 244 257 247 284 361 318 303 330 314 307 321 346 374 420 475 513 511 457 429 403 395 408 442 483 490 515 543 541 515 439 389 354 340 301 263 242 264 293 305 380 366 335 341 382 431 469 451 444 433 406 402 402 367 330 259 230 225 230 232 234 233 235 236 238
317 296 277 245 250 220 225 221 222 219 231 232 243 209 191 177 186 182 171 154 170 173 193 220 221 242 237 238 267 227 189 247 279 289 278 275 353 335 339 359 330 325 391 353 374 405 430 458 485 451 425 419 448 438 487 501 515 521 549 534 498 446 355 327 312 286 256 283 293 334 346 364 422 404 383 395 452 442 395 404 397 348 374 400 375 344 264 230 227 245 249 249 239 236 240 238
295 279 260 249 239 215 234 244 231 225 204 203 208 230 233 207 187 187 173 155 173 184 203 201 204 217 240 253 266 236 207 258 281 313 292 311 331 351 374 383 347 359 400 385 387 424 443 457 481 448 435 461 492 466 501 516 543 554 524 472 449 414 368 345 328 288 260 300 334 326 353 436 439 419 424 453 461 443 392 361 351 321 328 336 311 305 263 230 226 252 251 251 244 238 240 242
