Test Date/E120/N24/N24.asc
ncols        1201
nrows        1201
xllcorner    119.999583333333
yllcorner    23.999583333333
cellsize     0.000833333333
NODATA_value -32767
[rows 480 to 539 of 1201, columns 1056 to 1151 of 1201]
64 81 103 117 131 92 71 82 71 66 101 124 93 95 153 138 124 128 142 111 107 106 120 120 114 123 120 114 78 97 82 53 54 43 81 59 61 85 117 82 57 69 77 72 52 38 76 64 83 50 75 105 123 156 157 144 130 122 129 131 166 198 207 134 135 98 128 143 178 136 108 164 165 156 178 224 242 222 222 225 202 230 280 273 228 193 155 152 138 110 91 82 97 118 171 160
71 56 73 89 96 77 63 61 64 96 114 136 117 115 140 135 153 145 137 133 116 98 88 95 137 110 106 107 94 84 76 79 68 42 76 75 46 71 92 104 97 107 106 66 37 59 59 98 90 61 106 112 130 152 137 126 121 140 151 129 157 188 197 141 113 139 138 176 163 127 124 191 214 219 223 202 256 240 215 227 234 255 248 272 260 187 150 136 121 90 87 87 101 125 152 183
108 90 59 56 57 59 69 80 107 85 101 115 156 127 108 101 129 136 96 108 125 116 98 87 141 115 90 98 85 61 58 47 46 51 77 84 73 101 120 131 60 48 48 48 66 94 94 85 95 101 131 143 121 115 113 131 145 168 169 170 135 167 190 185 158 181 217 185 127 149 135 184 196 277 284 278 241 220 269 287 250 239 198 199 200 146 134 141 95 87 96 89 148 153 178 195
107 110 65 55 61 65 66 83 123 106 106 146 139 100 89 118 133 132 91 96 125 112 92 99 121 96 81 103 106 101 85 48 52 60 68 125 119 120 108 123 59 73 74 64 48 73 101 115 117 145 135 132 111 113 143 156 160 166 178 151 141 134 162 200 193 200 158 146 141 169 147 162 172 239 321 318 253 235 263 285 241 244 231 194 143 138 143 127 122 92 107 106 99 142 163 192
75 78 51 59 84 87 67 67 104 125 145 140 114 92 83 133 114 110 84 105 138 86 82 97 125 89 66 95 99 101 64 58 70 99 113 108 125 92 116 113 77 89 75 85 77 65 63 73 123 155 127 102 109 128 164 175 169 177 188 181 185 161 154 166 197 225 189 144 189 200 160 193 197 225 284 318 258 260 300 260 198 193 187 176 148 169 137 125 132 88 129 142 99 118 142 158
68 52 51 62 100 109 126 116 109 133 159 125 100 88 96 125 120 116 80 97 123 99 75 106 115 100 61 72 73 92 72 109 118 116 138 74 105 75 102 149 113 105 108 114 117 92 93 94 138 96 98 108 106 107 138 154 158 165 187 242 209 203 175 159 184 215 191 166 216 226 179 200 226 315 341 319 287 293 283 250 223 210 206 168 187 159 150 127 95 108 151 169 164 126 119 142
90 64 55 58 66 74 103 117 137 147 141 156 130 93 84 115 130 111 93 77 112 86 76 91 83 77 59 74 96 94 84 107 113 100 132 98 69 84 106 129 97 137 148 149 144 151 110 133 114 105 125 133 153 130 127 137 147 169 180 223 203 163 162 166 191 223 210 213 211 231 212 228 235 326 293 266 240 231 242 212 247 239 201 186 165 133 147 136 132 113 134 181 197 177 136 126
99 83 71 56 58 63 70 92 142 122 116 143 120 85 100 128 124 112 94 64 97 65 67 49 51 61 59 59 61 71 80 78 91 97 98 87 68 106 109 89 111 132 131 165 158 141 132 119 90 100 161 160 173 167 128 144 165 183 199 217 187 173 188 200 190 203 256 243 200 224 256 287 283 322 285 245 225 202 184 179 199 164 183 176 135 146 183 181 137 136 154 191 204 200 175 151
60 69 66 54 64 99 110 114 136 103 92 115 108 86 83 93 113 101 92 63 62 64 49 49 48 48 49 49 50 80 90 98 94 100 86 60 65 75 72 112 140 137 138 147 91 84 87 99 100 106 142 171 186 138 163 170 156 167 193 223 191 191 199 259 259 260 230 268 236 240 319 356 345 272 253 245 258 238 237 205 182 164 140 144 171 187 172 144 118 130 118 159 192 229 214 219
61 55 49 70 72 105 119 103 145 121 95 79 83 83 70 75 96 98 93 60 63 72 50 47 51 52 50 49 50 52 67 84 95 91 65 64 106 90 101 110 130 117 125 115 69 78 67 100 122 134 151 185 164 146 133 137 155 177 228 241 204 200 205 276 314 301 262 266 247 268 374 341 313 246 228 246 259 248 247 244 187 150 171 172 155 194 142 127 107 155 152 131 180 209 216 265
83 75 51 76 96 96 101 83 123 114 101 79 91 69 57 61 74 77 82 65 55 48 50 48 49 52 51 51 49 51 55 64 67 59 52 62 79 103 113 115 111 116 108 87 75 94 112 105 138 160 152 109 108 113 174 167 161 186 206 213 237 236 253 310 333 308 278 253 293 309 375 326 298 237 225 209 212 208 227 211 184 170 181 193 171 185 141 132 111 171 181 166 149 173 212 237
93 72 46 92 103 100 86 69 113 98 90 124 108 76 48 72 75 76 79 55 47 48 49 48 48 71 54 52 50 51 52 56 57 53 53 54 65 72 67 86 62 71 69 59 88 104 113 135 149 144 73 55 56 58 128 159 186 187 188 218 269 283 307 329 308 327 287 271 299 375 353 290 275 266 284 221 203 187 184 197 202 171 184 193 208 171 132 115 146 170 194 201 161 164 180 223
85 79 48 61 67 51 55 61 86 69 64 66 67 51 72 72 72 68 53 48 61 48 48 48 49 64 57 55 51 52 54 52 52 53 51 54 51 55 69 52 63 93 92 87 104 106 107 108 117 77 69 98 99 103 71 120 155 155 179 222 305 306 303 260 262 265 287 340 380 405 311 280 265 291 253 252 257 225 168 182 193 179 189 228 188 156 165 164 150 132 180 212 221 231 234 208
76 76 58 41 50 59 89 92 88 56 52 48 48 48 48 47 48 48 48 47 75 75 48 48 77 66 61 57 55 51 53 52 52 54 57 53 54 55 60 59 54 57 58 64 93 105 108 107 68 54 102 111 115 115 59 107 127 174 216 265 256 240 240 218 226 255 297 335 390 357 294 260 245 245 234 252 222 201 158 181 200 192 215 216 178 168 210 193 165 141 166 187 241 281 281 231
82 74 42 59 51 69 69 90 68 48 48 53 68 51 48 48 51 50 48 48 52 63 83 81 81 81 80 69 70 69 51 53 53 55 57 59 56 56 57 57 59 55 53 59 68 104 94 62 57 82 111 114 120 142 79 79 128 180 193 198 181 176 177 187 230 277 324 371 358 307 252 273 254 211 212 239 193 170 166 187 214 218 234 194 169 188 219 214 178 148 166 191 241 305 286 239
80 69 41 48 54 62 63 66 87 76 60 47 62 51 67 49 72 77 60 56 67 76 67 82 94 97 98 94 91 88 61 87 85 66 65 71 80 57 59 59 61 62 64 67 58 58 81 103 114 110 113 125 137 158 171 124 86 71 85 90 94 131 140 178 203 234 312 367 337 264 229 279 249 184 180 189 154 152 165 168 183 234 216 213 216 244 209 190 184 156 164 217 281 288 261 260
43 32 37 36 42 55 61 63 68 63 51 48 48 48 67 48 47 48 79 76 77 89 96 91 102 109 120 121 112 108 61 103 96 92 96 98 88 63 59 59 66 70 74 78 88 119 124 144 126 119 122 138 152 175 212 186 146 122 112 82 73 112 132 185 208 275 334 337 298 234 231 268 234 234 204 154 147 164 190 190 173 206 257 230 233 248 197 227 194 161 167 214 266 239 224 245
44 36 38 37 39 62 64 65 64 63 48 47 48 74 65 51 68 48 63 61 57 65 82 97 93 120 151 142 130 84 71 91 107 95 99 104 94 107 66 64 111 118 97 130 102 142 163 161 127 124 131 148 155 188 262 241 205 169 163 120 96 133 148 193 222 276 354 319 250 204 240 253 233 241 220 164 150 158 183 201 193 244 241 243 284 275 229 235 206 157 186 178 224 198 208 252
55 31 30 35 41 62 63 64 50 48 48 48 48 71 72 76 75 55 48 66 69 79 93 97 99 96 121 149 150 131 113 64 66 124 128 131 105 137 115 122 159 121 109 125 104 140 173 180 161 145 166 220 244 259 313 283 203 153 119 79 127 168 171 206 253 336 293 247 204 175 247 247 213 222 201 157 152 177 193 163 227 209 189 240 271 249 283 262 252 223 250 239 187 190 217 208
58 55 36 33 33 60 59 63 47 47 48 75 47 73 72 74 77 79 48 48 57 79 95 96 77 109 118 96 112 146 120 73 69 114 165 146 128 115 160 123 168 124 112 162 106 145 173 183 147 170 214 231 244 282 314 254 183 145 142 101 117 138 142 164 235 303 261 200 162 182 247 234 230 180 174 141 158 180 199 196 233 207 193 227 248 211 254 272 263 271 289 242 201 194 237 255
61 61 63 60 31 56 63 53 47 47 49 84 63 70 68 73 76 81 59 48 66 87 91 86 80 69 81 81 103 135 119 95 79 98 156 177 141 133 160 148 163 119 139 172 113 158 184 183 175 199 233 276 303 324 268 210 185 169 165 124 81 99 110 156 216 251 231 176 143 183 200 214 209 198 144 141 176 197 209 226 206 215 183 197 205 199 228 261 261 290 292 243 215 203 244 274
61 74 76 52 33 62 52 48 47 79 84 72 78 70 79 75 76 78 78 72 49 49 51 76 60 91 108 143 139 129 135 128 106 129 100 128 148 185 184 185 133 175 157 172 139 182 188 190 202 228 268 319 343 294 211 179 160 140 152 98 136 115 86 98 159 172 158 117 176 192 178 220 189 137 136 173 187 208 206 193 169 168 210 220 196 240 238 245 297 346 277 249 221 212 234 268
46 72 70 62 40 55 52 48 58 73 76 82 88 84 79 82 78 83 79 81 59 53 52 63 65 92 98 104 134 133 162 140 132 122 135 117 147 165 186 161 166 201 204 155 158 176 223 205 237 255 309 307 288 264 225 201 188 166 115 108 159 153 129 86 104 114 96 97 167 199 186 200 169 138 149 202 183 185 179 183 191 220 218 239 236 215 262 280 325 342 270 260 246 242 230 242
67 54 49 71 65 48 48 47 75 78 90 95 93 115 84 81 89 86 101 86 57 81 91 67 58 61 72 84 90 124 133 178 174 153 154 148 173 186 195 189 210 210 205 153 157 175 220 233 262 301 351 281 244 201 201 186 189 155 119 164 181 187 166 173 140 147 135 96 118 151 181 169 156 142 190 188 154 154 156 152 199 209 231 241 253 264 263 288 344 326 295 296 281 290 259 257
87 75 52 79 71 47 47 71 105 106 116 125 135 132 101 87 94 108 113 102 61 90 119 90 66 75 60 72 68 110 117 139 142 163 169 170 169 148 186 185 219 171 173 150 199 184 215 268 302 330 290 265 251 224 183 157 149 129 158 164 224 251 257 258 215 167 97 137 103 133 143 131 118 143 178 159 136 137 160 163 168 184 200 191 222 249 299 323 318 292 278 312 327 298 274 265
97 79 58 62 76 94 97 100 81 94 105 122 111 73 85 89 93 107 135 92 68 86 131 82 90 109 109 91 75 75 113 133 127 127 117 133 145 147 150 185 207 166 186 169 225 227 253 297 344 290 253 221 187 194 184 139 167 165 182 211 254 314 290 187 152 131 94 143 148 138 176 148 139 131 152 136 137 146 148 178 167 170 165 185 239 262 294 306 294 253 243 252 281 336 298 282
112 93 72 54 54 70 67 75 58 61 75 113 89 68 71 74 92 112 116 81 76 113 126 83 77 122 138 135 110 83 83 96 105 122 129 164 190 153 164 167 226 228 217 184 267 273 298 318 328 287 224 193 196 196 179 140 174 200 217 239 311 325 291 198 151 126 113 146 160 186 176 172 157 136 126 142 165 178 208 195 215 194 181 171 204 256 289 269 256 224 257 275 303 314 335 313
116 106 88 67 53 64 71 58 98 90 65 83 83 68 100 98 109 130 131 129 103 111 88 74 71 101 102 151 136 98 88 95 104 109 123 159 204 199 184 178 198 239 218 232 297 329 359 335 288 242 234 244 230 204 155 150 178 214 261 281 336 279 259 179 144 98 130 128 127 134 129 147 177 157 155 143 182 179 180 224 228 223 200 172 190 224 254 235 212 226 230 257 274 294 351 363
93 108 117 86 78 68 66 99 107 119 91 66 70 59 72 102 100 106 83 102 133 153 123 116 75 117 112 138 134 116 144 99 118 116 158 190 209 205 192 234 211 224 237 259 331 407 344 302 272 247 225 180 176 166 190 193 228 211 246 323 325 284 268 186 187 122 121 134 144 130 101 129 165 190 189 188 177 159 178 198 236 223 236 252 232 191 196 198 223 269 294 293 306 353 392 405
83 89 109 94 107 92 74 93 110 116 82 65 76 91 64 68 68 74 94 97 136 113 87 78 89 125 160 156 157 138 165 101 116 139 144 187 166 210 229 240 231 265 273 300 364 359 317 281 224 205 211 178 174 195 211 236 217 248 268 327 329 264 247 224 210 159 147 159 139 106 110 159 168 177 222 238 193 190 206 184 246 266 250 296 264 210 196 204 216 228 259 283 330 380 390 422
63 73 120 109 124 84 78 96 121 93 71 71 87 114 69 113 114 92 110 142 136 133 97 95 83 123 101 142 138 172 153 111 122 171 130 142 182 213 221 253 277 287 292 330 365 312 277 243 215 223 196 194 210 228 201 250 250 268 333 321 286 259 245 242 208 179 192 158 112 107 138 147 149 178 208 215 211 233 249 206 247 290 304 302 259 211 231 239 245 214 248 273 290 332 349 418
59 58 97 118 138 86 92 124 102 81 68 97 90 122 79 117 140 114 89 85 107 153 139 132 84 120 106 108 138 177 163 119 152 138 177 152 192 207 236 296 354 375 378 375 331 298 274 284 267 250 192 234 263 253 223 250 289 352 327 279 218 206 194 175 174 146 154 117 112 112 152 151 159 165 177 179 194 188 218 226 278 284 318 290 258 224 251 265 308 267 256 235 287 334 381 429
68 81 97 133 133 98 123 131 77 73 70 107 136 117 75 91 103 138 77 112 115 153 162 129 88 127 132 149 154 175 132 141 179 187 171 176 186 211 270 322 403 411 399 344 272 268 293 289 254 199 199 236 262 278 246 271 322 374 325 265 221 228 224 203 215 174 137 120 114 104 152 158 159 175 175 210 243 221 236 234 310 354 335 264 240 254 256 267 301 300 283 282 256 300 339 403
56 66 85 119 101 128 133 138 106 88 92 87 111 133 80 88 106 137 90 119 157 159 159 130 96 125 152 153 185 166 136 172 188 207 218 184 184 202 263 310 369 376 333 309 282 243 249 254 248 209 222 262 277 287 278 323 351 359 304 281 261 271 245 225 221 200 165 134 119 106 129 158 162 167 172 189 231 228 219 237 295 311 298 287 286 269 257 267 287 335 330 330 306 288 309 361
56 70 72 72 62 109 88 100 85 115 102 91 141 128 91 96 112 149 105 119 157 171 117 119 111 114 146 161 192 157 157 154 197 226 253 207 214 269 258 275 319 325 352 361 322 297 286 261 241 211 266 281 264 272 351 378 407 349 276 250 247 230 207 257 195 171 177 152 129 114 118 119 117 158 164 162 164 183 243 296 284 246 242 312 327 324 290 287 306 392 391 362 321 323 308 310
67 64 64 53 71 81 68 70 72 113 144 115 114 154 95 96 100 127 138 159 165 159 155 144 134 110 140 173 170 165 188 164 173 188 238 238 262 296 289 291 316 358 375 359 314 314 293 254 221 225 240 275 307 299 372 451 349 328 268 229 208 203 190 218 200 183 166 159 141 113 122 121 114 168 194 164 148 181 218 252 232 229 229 261 294 323 312 324 353 374 411 366 362 318 339 324
76 66 57 61 104 79 64 92 70 89 99 129 152 145 88 107 114 124 176 166 165 176 168 141 154 129 133 175 164 200 199 184 184 212 244 275 301 333 301 284 306 327 335 368 317 260 244 226 228 247 298 281 288 331 409 416 369 289 260 228 236 197 200 187 195 197 164 155 142 132 120 120 129 191 224 220 181 180 174 226 220 218 235 252 267 293 351 369 400 397 436 404 360 343 359 335
66 65 57 89 124 100 74 80 110 92 114 114 131 130 105 122 124 166 140 116 136 158 175 155 170 135 160 200 170 195 228 216 203 228 303 325 360 353 315 288 311 329 342 342 291 252 248 265 265 259 286 323 321 352 444 378 310 278 250 275 228 227 253 183 163 204 173 157 147 118 123 130 160 195 223 227 253 216 193 203 232 263 289 273 295 309 329 340 399 449 463 411 367 370 389 353
66 70 63 87 99 100 110 96 129 115 113 132 144 121 151 131 145 122 112 137 146 180 180 160 184 184 188 202 203 192 232 242 251 265 371 390 349 345 330 304 361 309 302 295 275 243 279 309 327 293 308 333 354 413 389 374 308 289 303 254 238 204 205 175 166 163 169 149 116 119 141 157 177 221 241 265 261 235 194 193 253 231 246 261 281 333 376 391 412 498 469 431 394 390 401 387
82 63 63 56 70 88 109 128 143 146 132 124 126 99 121 108 107 102 141 135 152 149 138 140 177 212 198 195 226 221 211 243 295 324 371 360 311 316 347 334 357 340 335 307 303 257 285 300 335 304 326 364 407 456 370 328 302 279 295 231 221 210 184 176 172 133 166 128 121 140 145 162 153 191 248 298 268 243 191 200 287 286 269 298 307 325 387 401 465 493 466 433 410 411 439 429
112 77 59 58 63 84 104 101 127 133 101 105 126 98 88 99 121 131 136 161 120 102 122 134 187 170 168 210 235 229 255 275 308 353 315 311 305 293 344 363 382 377 381 340 338 260 280 330 349 316 364 421 439 423 358 334 274 234 253 252 187 174 172 171 155 134 124 121 140 148 156 190 157 192 230 277 260 241 212 203 241 300 315 298 358 358 378 395 443 507 470 446 439 435 476 473
104 83 62 77 69 86 92 92 116 102 81 90 73 74 98 86 85 88 90 91 95 133 146 139 146 185 195 186 185 208 237 304 331 299 275 257 262 269 301 326 360 403 419 393 329 276 299 302 337 371 405 467 481 401 340 303 254 225 235 224 227 184 176 153 147 123 126 129 143 152 190 184 207 176 207 236 234 264 251 215 241 274 298 354 385 420 439 460 479 478 506 484 476 481 535 545
71 70 68 66 84 64 65 83 92 94 84 70 74 76 87 80 83 86 101 112 140 160 184 166 155 146 174 166 208 259 291 312 283 262 237 239 253 277 290 320 370 411 385 362 309 295 343 355 341 378 471 486 454 384 325 278 241 237 204 202 222 187 175 158 152 146 125 125 142 180 228 223 235 220 191 198 243 249 283 242 231 266 282 340 405 439 464 461 437 489 530 532 522 523 568 567
83 76 81 71 87 71 74 62 70 64 74 68 101 87 83 90 96 88 131 129 167 191 197 165 205 153 168 174 187 252 251 247 233 217 239 255 278 299 305 332 385 418 384 348 298 307 324 365 392 400 492 461 441 389 277 258 274 235 218 204 189 212 209 169 151 149 137 128 154 200 224 276 286 234 205 200 254 265 293 284 233 253 273 367 363 393 408 409 400 461 501 513 544 552 590 593
119 115 96 69 74 113 106 85 99 93 79 93 93 114 128 150 135 94 122 163 164 201 191 204 176 176 229 210 208 178 183 192 211 218 270 300 324 336 356 375 393 425 390 345 304 367 340 352 389 454 502 440 399 338 289 301 274 248 272 235 176 172 180 148 134 131 128 130 156 188 259 307 308 246 218 221 256 258 281 306 299 249 259 301 313 359 361 359 370 408 436 434 483 483 538 586
97 94 84 72 77 114 124 125 131 119 120 135 99 116 173 140 115 114 138 197 191 178 229 246 207 219 248 269 252 198 193 222 233 252 247 300 307 333 371 392 424 415 400 370 321 372 380 383 407 464 453 396 367 341 307 241 217 234 232 207 169 160 158 135 133 131 131 142 165 206 271 336 315 249 231 265 242 241 261 289 313 282 266 280 287 303 320 325 348 362 381 409 432 475 514 549
115 79 75 95 105 75 82 86 124 154 133 137 102 134 185 137 116 115 149 146 148 194 200 217 246 282 307 317 261 214 202 250 284 284 274 272 307 331 364 383 423 446 429 411 356 340 388 430 435 487 412 362 318 301 299 274 242 212 192 191 158 160 156 136 130 142 151 163 175 211 289 333 320 251 257 285 246 262 268 325 338 316 275 341 352 342 344 358 362 389 442 437 437 443 484 527
114 89 111 137 104 94 116 133 105 137 166 127 116 138 181 159 164 172 107 140 130 150 181 195 238 294 340 331 254 218 229 262 284 306 328 307 323 326 355 401 467 467 440 405 374 353 392 425 468 460 363 318 305 263 288 261 265 262 210 172 167 160 157 143 133 153 166 178 201 227 304 297 284 309 320 336 283 307 325 327 392 344 344 310 313 325 374 405 432 475 486 513 521 517 501 520
112 117 124 118 94 92 98 130 145 125 147 144 147 172 177 190 173 140 141 175 165 142 160 179 244 298 323 289 248 245 241 236 280 315 345 336 322 344 370 387 420 463 453 403 398 377 393 416 494 432 373 321 302 249 235 220 220 240 198 170 163 160 157 147 132 153 199 221 252 273 302 270 254 282 302 328 328 345 374 378 412 390 391 341 358 347 351 356 403 466 547 574 590 558 536 548
153 146 132 103 79 110 97 104 151 167 152 188 182 177 201 165 148 130 161 198 174 166 183 190 216 261 258 263 271 272 270 286 282 292 353 373 356 368 394 407 446 488 478 459 421 395 450 479 470 407 338 302 276 249 251 226 197 185 191 164 153 151 143 149 140 132 179 238 259 301 277 238 230 245 262 285 355 376 408 431 443 421 388 378 383 389 404 403 394 457 525 531 552 580 576 587
115 134 138 118 85 151 145 127 136 169 174 162 154 163 189 167 144 127 164 161 202 205 217 227 195 213 219 249 304 307 322 315 320 304 329 379 392 399 425 437 423 462 461 445 446 434 448 506 490 425 331 307 307 295 259 233 212 191 171 149 142 149 150 140 142 136 177 193 225 263 233 219 230 287 312 304 347 370 409 453 458 431 399 408 422 425 460 458 477 426 473 510 553 595 622 642
76 92 140 112 112 130 154 153 160 146 125 127 138 170 200 134 137 149 213 192 208 269 296 276 201 216 239 292 299 332 362 378 378 343 362 400 435 421 401 359 397 424 411 388 392 403 443 482 419 348 314 295 288 279 222 202 193 170 147 150 166 173 176 149 158 165 174 171 186 195 198 227 245 267 291 343 381 394 420 417 448 454 467 440 481 529 548 576 551 523 479 489 541 580 659 742
106 89 150 161 155 143 122 119 127 124 155 158 153 193 180 149 153 158 218 223 229 284 343 276 219 232 232 248 273 302 327 360 395 379 386 410 414 369 356 340 387 396 394 371 356 400 454 439 395 367 268 264 238 244 250 213 178 159 152 148 177 185 187 234 213 187 204 229 234 176 205 232 262 288 297 342 370 367 369 408 394 425 458 461 522 582 622 633 604 516 506 529 535 590 649 736
121 100 134 167 143 108 109 125 136 144 169 150 173 218 167 182 152 155 197 238 281 311 338 256 235 262 283 249 286 293 343 386 425 414 412 437 416 357 329 333 391 378 367 348 339 386 454 412 371 345 269 247 241 224 212 196 177 160 154 151 194 215 217 260 249 211 227 269 256 208 200 198 226 243 272 313 326 312 369 359 379 414 415 465 541 586 624 633 592 571 530 540 579 601 683 759
149 151 159 136 104 144 151 178 168 185 202 169 216 209 220 196 175 180 185 255 271 293 281 285 287 285 289 312 291 308 333 365 403 440 439 409 383 373 343 302 344 371 347 321 312 361 423 393 348 301 252 241 242 233 229 203 179 169 158 153 161 187 210 257 259 282 318 324 267 223 233 227 227 234 232 264 295 311 311 307 341 380 397 479 527 594 656 658 639 589 582 599 653 724 745 779
154 144 123 105 114 152 154 144 149 177 200 193 222 241 218 181 183 225 176 192 204 244 255 290 334 320 316 334 336 332 340 355 385 441 426 376 339 350 350 284 340 350 348 310 299 334 408 363 314 275 291 247 221 205 193 180 173 167 155 152 166 222 229 234 278 324 334 305 255 219 261 263 249 251 249 250 278 276 287 326 361 363 386 448 505 555 631 646 663 622 625 634 689 755 799 835
116 102 105 107 110 116 118 127 158 173 218 227 242 229 197 203 217 268 231 193 200 237 264 297 359 352 346 361 384 386 362 370 405 435 422 378 334 315 299 280 314 331 315 286 308 372 388 337 291 246 300 257 256 257 183 155 157 158 155 154 190 230 253 280 307 345 320 270 244 236 256 276 275 285 298 292 327 315 288 332 411 421 424 474 515 552 637 668 694 655 670 697 741 782 830 852
87 93 99 137 136 134 144 172 177 203 193 211 266 257 228 236 261 324 261 238 198 202 259 275 315 356 365 407 430 441 422 408 430 450 374 335 312 316 339 319 263 266 258 257 303 350 305 294 265 227 246 250 244 208 158 159 171 165 177 192 186 206 207 260 290 332 331 281 277 281 263 314 315 309 354 345 362 348 312 310 408 422 449 561 586 627 647 649 700 728 766 806 820 854 854 838
87 131 133 145 144 123 147 180 211 189 196 220 215 214 284 294 297 330 275 229 225 256 229 249 295 322 343 411 427 465 461 454 472 437 353 333 315 360 340 309 269 259 283 279 263 306 257 253 215 239 207 194 207 176 159 171 176 190 183 213 235 208 217 223 257 281 304 325 321 317 296 293 304 328 366 394 387 362 335 322 361 396 429 500 593 578 589 631 664 723 812 867 893 841 796 811
117 147 170 171 151 133 131 142 180 175 192 184 200 227 267 333 359 348 278 242 252 278 230 266 281 315 327 364 398 429 471 497 500 444 368 328 356 346 326 290 286 277 323 270 239 251 238 220 201 193 192 179 174 167 161 181 184 197 198 199 259 256 256 248 241 263 293 302 308 319 349 348 351 370 393 418 364 354 369 372 347 379 403 511 524 525 562 593 632 730 792 868 856 798 745 731
