Test Date/E120/N24/N24.asc
ncols        1201
nrows        1201
xllcorner    119.999583333333
yllcorner    23.999583333333
cellsize     0.000833333333
NODATA_value -32767
[rows 1140 to 1199 of 1201, columns 960 to 1055 of 1201]
448 474 475 470 456 448 431 410 390 365 340 332 334 352 361 392 411 431 448 485 513 531 547 579 583 633 660 688 721 808 890 998 976 922 878 859 836 805 778 728 709 683 661 658 661 680 685 718 730 673 609 568 500 504 506 476 411 367 316 332 322 313 305 356 372 378 336 320 306 306 300 287 294 295 294 292 289 278 275 266 273 278 282 301 316 336 361 403 420 432 431 466 523 526 485 453
507 512 495 465 460 433 412 428 411 370 317 328 342 371 398 409 414 427 454 504 523 556 573 601 633 649 694 706 739 832 979 982 935 900 860 812 821 804 794 787 762 711 712 705 745 738 719 745 721 662 606 558 522 506 468 459 437 376 337 329 313 305 305 339 353 353 306 293 286 287 265 275 273 282 286 287 275 275 268 276 279 291 301 304 332 348 390 421 443 458 493 519 545 532 489 449
524 493 467 454 457 445 417 398 365 337 320 330 352 385 397 400 418 438 448 494 515 550 573 659 667 680 761 780 787 914 997 950 909 871 822 780 769 768 757 780 805 784 766 788 808 757 727 687 661 611 549 524 474 474 420 395 370 342 312 309 279 296 313 324 333 316 267 255 265 265 267 265 266 262 262 263 267 277 285 288 289 303 302 303 317 331 349 377 416 443 481 496 538 541 478 434
507 485 469 471 451 424 398 372 347 320 313 318 352 384 390 399 415 439 461 477 514 551 585 633 622 641 724 736 751 932 969 925 891 855 812 759 708 720 733 740 788 808 794 790 776 745 714 662 637 569 542 516 474 476 440 412 381 371 360 355 300 280 296 323 322 280 254 264 267 269 266 268 269 270 261 268 278 282 287 287 287 300 300 302 306 309 323 340 385 423 445 434 493 542 470 427
500 465 436 456 434 404 377 359 343 320 317 327 352 364 360 397 417 456 466 485 508 538 557 594 600 642 682 717 780 925 946 897 867 829 783 744 701 679 702 712 767 777 802 779 735 717 757 696 665 590 556 540 491 493 490 446 424 397 371 360 324 285 285 303 306 255 261 266 268 268 265 267 270 267 270 268 273 273 280 291 292 289 301 302 305 306 310 321 353 416 417 398 448 486 467 423
480 453 421 411 438 400 376 361 341 321 306 313 339 339 353 394 438 428 449 482 522 559 588 569 596 631 682 704 790 923 925 877 844 818 756 725 682 669 688 676 717 740 769 761 707 694 737 746 707 615 587 566 518 517 501 446 426 397 385 362 333 303 272 267 279 252 260 262 265 266 266 268 269 276 271 270 264 270 274 276 275 284 295 301 301 302 306 308 339 386 358 361 398 435 455 414
431 409 400 372 374 406 409 359 350 322 299 297 319 346 371 372 399 425 431 482 512 554 583 550 568 598 673 687 742 843 851 855 807 783 754 712 666 647 657 641 642 680 714 718 677 663 704 742 732 635 597 538 493 490 431 401 366 345 328 308 312 307 275 259 254 263 268 276 284 284 283 284 284 286 288 275 263 272 273 273 274 274 285 292 299 300 301 297 300 271 274 297 311 340 382 396
460 436 416 380 366 348 340 368 358 331 295 296 307 336 348 361 397 430 435 469 490 519 543 527 558 586 625 653 705 820 806 844 809 776 736 708 637 621 598 618 618 634 677 678 655 637 682 736 713 631 582 549 521 482 445 369 364 336 300 288 270 265 260 255 254 274 275 281 282 282 284 286 284 288 290 279 266 271 273 274 273 276 275 275 277 281 276 273 290 297 299 289 272 278 302 328
484 467 468 424 434 436 407 324 326 317 296 296 314 329 349 393 398 405 423 447 468 483 508 519 539 558 622 637 711 784 798 828 812 775 743 700 617 611 573 611 599 598 632 655 610 635 678 691 681 585 572 549 529 489 444 360 319 324 298 274 267 262 255 254 271 282 282 286 287 287 287 297 293 288 288 284 266 272 274 276 277 277 279 280 274 271 271 299 297 301 304 303 312 293 278 278
564 497 458 471 481 402 415 367 319 303 288 290 320 357 354 351 374 402 410 440 453 484 529 536 551 595 677 713 787 764 723 712 707 707 687 680 617 598 561 576 560 568 578 586 580 626 658 659 635 549 518 500 475 453 391 335 302 274 267 262 259 256 251 282 283 284 284 285 286 287 292 313 330 303 298 295 290 267 271 270 269 271 272 275 284 283 299 303 307 307 332 331 331 334 326 322
529 480 558 487 443 486 433 352 325 299 288 293 323 341 340 373 390 399 422 454 487 529 564 560 585 633 705 742 804 755 715 674 657 651 617 612 616 600 569 512 543 548 553 563 569 598 630 633 603 521 494 469 458 426 365 323 276 266 263 258 253 250 261 285 283 281 282 283 285 287 299 345 342 348 310 300 298 296 275 277 277 278 283 280 293 293 302 306 308 327 347 385 382 372 371 405
532 553 549 509 502 468 385 346 322 296 285 289 305 316 365 387 396 416 444 477 514 572 579 585 619 632 733 762 812 765 716 664 630 622 596 581 553 591 563 508 500 530 546 557 554 619 652 634 602 515 477 463 447 429 352 286 260 259 262 254 248 249 279 280 280 282 283 289 289 289 298 353 365 369 328 312 312 300 300 294 284 283 282 285 302 307 305 308 317 330 376 408 423 413 427 473
622 585 562 527 479 416 379 354 321 298 279 279 292 336 365 384 439 459 484 505 525 550 598 644 660 681 673 676 671 688 727 713 670 620 581 572 581 578 529 463 450 470 519 508 515 604 647 596 575 510 481 438 428 406 337 283 259 255 258 251 248 272 281 281 281 284 288 292 292 294 306 338 369 392 359 359 344 325 310 304 306 310 308 310 320 322 316 327 346 380 412 430 492 513 500 494
556 546 524 527 518 419 371 339 319 291 275 276 289 314 341 379 419 443 469 516 547 561 627 648 633 621 655 639 630 633 637 675 674 641 597 578 581 581 538 478 439 471 521 500 505 575 638 589 559 495 460 432 384 387 349 280 254 252 249 246 258 278 283 280 283 288 291 291 292 294 313 344 382 397 398 393 368 349 325 328 335 362 331 332 336 328 336 335 373 403 419 440 502 551 510 494
494 509 534 487 467 469 418 353 335 305 274 276 272 309 341 381 389 424 444 505 555 576 641 628 590 592 600 606 610 582 588 607 639 656 618 573 541 535 537 473 425 485 497 458 485 575 629 584 567 496 464 432 374 328 315 273 248 246 250 275 277 282 284 283 287 289 288 295 301 310 328 366 396 414 428 420 391 374 348 333 348 389 353 373 358 358 354 391 377 422 448 479 526 559 518 497
494 481 503 506 469 444 412 365 356 343 285 275 272 292 322 327 366 404 467 514 554 560 639 610 590 566 539 549 540 532 529 522 541 578 631 600 530 514 479 411 422 454 412 412 468 538 566 589 563 505 465 443 381 339 290 243 245 249 260 274 278 273 278 287 285 287 288 288 325 326 342 382 417 428 442 439 422 413 393 371 365 430 412 392 419 420 401 429 392 444 483 518 586 558 513 488
422 430 450 481 460 450 404 379 349 321 292 283 266 294 308 327 352 412 442 522 548 567 602 620 587 563 511 503 502 501 486 492 502 527 578 598 536 509 471 421 384 392 390 399 444 505 526 564 556 479 463 431 406 376 299 242 245 251 253 272 273 274 277 284 286 283 293 305 344 349 368 402 432 449 461 458 440 435 420 405 404 451 460 431 438 458 437 436 416 439 490 545 591 558 511 493
445 396 419 455 455 429 401 381 362 350 290 277 266 278 321 347 359 391 454 519 535 527 549 574 614 571 522 507 491 466 470 465 467 480 530 508 506 506 473 431 397 361 371 384 419 474 519 548 518 442 425 411 371 338 280 243 253 255 254 275 273 274 279 279 279 285 290 313 347 359 401 426 437 416 429 441 425 402 407 407 429 480 503 473 476 474 473 452 436 452 496 561 588 561 537 509
460 430 376 357 359 400 390 376 361 348 289 281 263 270 291 326 363 387 440 476 512 497 496 559 593 597 526 513 491 445 447 453 463 460 471 468 436 427 445 420 411 351 358 389 441 503 531 535 497 427 398 385 353 315 290 248 255 251 250 275 274 275 278 280 282 287 288 308 367 375 389 417 407 394 406 417 398 378 384 389 424 473 516 534 536 523 505 476 476 472 516 597 591 564 541 525
411 390 375 407 354 338 327 334 314 294 277 277 266 272 293 310 331 363 388 455 438 435 426 485 520 534 543 555 530 464 418 416 415 410 419 436 402 396 379 362 361 334 368 392 451 504 533 515 484 401 369 347 318 293 283 243 249 245 264 269 274 281 281 281 284 283 283 287 330 327 349 369 351 359 380 372 360 348 384 403 418 465 485 534 583 575 543 531 540 527 565 595 628 602 554 549
506 497 483 425 403 390 322 313 305 309 318 314 276 268 280 311 334 362 379 424 396 382 390 449 489 512 487 482 501 503 443 385 394 381 384 403 416 393 364 328 318 353 375 398 438 501 487 479 438 394 357 327 286 283 253 238 242 248 255 261 262 272 268 275 276 274 283 282 300 301 330 338 335 340 354 354 328 351 397 432 458 486 524 562 575 570 565 580 585 563 580 615 655 616 582 566
514 526 478 434 427 405 352 355 367 356 337 322 298 260 277 323 339 349 357 367 363 358 377 426 448 466 442 427 435 468 468 418 368 363 357 369 374 367 369 327 322 353 381 407 444 430 448 413 413 350 335 311 273 266 258 237 245 250 261 262 268 275 277 284 285 287 294 294 293 288 304 305 317 330 320 320 341 361 407 429 437 495 523 550 539 536 541 572 615 610 610 657 674 625 598 581
494 472 449 458 453 435 347 313 318 304 293 295 271 252 260 306 310 305 317 331 313 321 345 374 375 359 378 376 364 381 370 381 364 330 329 323 322 313 308 285 307 384 376 383 405 399 324 327 321 301 289 272 262 260 249 239 241 251 268 275 291 341 311 314 322 333 326 346 348 350 346 318 301 307 309 316 338 361 374 396 417 462 493 499 501 499 532 564 638 649 678 718 690 661 611 611
561 547 527 447 389 375 336 327 293 281 263 262 250 251 260 286 285 286 290 300 298 306 330 343 349 328 339 322 329 338 326 322 324 311 308 309 289 280 285 272 299 359 355 359 371 301 262 267 254 246 264 267 255 252 239 238 243 247 270 277 324 370 348 343 354 343 363 378 364 382 394 343 319 323 315 310 326 342 341 377 390 441 472 477 488 503 537 553 612 655 686 733 703 676 629 608
539 497 464 414 434 425 340 330 327 315 268 260 249 271 254 255 260 262 259 277 294 299 315 309 314 299 310 285 289 285 284 279 279 290 288 274 271 265 265 258 275 309 321 333 322 262 237 230 226 230 232 258 257 252 242 242 235 257 288 294 354 371 380 378 386 358 376 415 411 423 424 359 352 347 328 312 322 342 377 373 375 423 445 448 522 531 548 574 609 657 683 726 719 685 634 605
522 531 525 446 465 452 397 365 333 306 284 257 246 248 243 243 238 235 241 258 271 268 264 256 260 262 261 258 255 252 253 251 251 254 254 254 258 256 257 251 260 260 264 278 260 227 230 233 234 234 228 227 241 242 251 242 235 251 304 303 323 344 354 383 395 406 394 419 483 472 432 378 366 374 350 319 325 343 370 400 426 456 487 518 544 549 576 599 633 670 701 731 717 688 651 619
474 529 534 496 461 456 362 337 319 321 304 264 248 242 241 242 239 235 233 242 247 244 247 250 249 250 255 248 246 245 247 246 246 246 246 247 250 250 249 233 233 235 236 234 239 229 234 240 242 254 247 236 233 237 245 236 250 257 288 322 358 346 353 371 387 428 439 428 478 482 443 406 403 389 369 336 319 331 357 399 410 446 473 507 547 568 595 608 652 698 694 678 694 650 672 666
462 498 520 481 449 439 395 331 318 309 284 263 247 259 241 237 235 233 231 228 235 239 239 237 236 233 240 231 225 222 223 226 224 221 222 222 220 223 222 222 225 224 223 225 243 235 243 254 257 260 266 242 233 233 234 236 258 265 273 303 349 367 371 363 376 411 451 460 472 485 473 423 414 408 391 366 325 329 351 364 377 427 462 466 524 537 544 566 631 684 679 652 646 607 643 646
453 463 476 448 398 423 372 312 287 274 268 273 297 298 290 265 256 234 228 227 224 222 223 222 219 218 216 215 216 219 220 220 221 221 221 224 226 228 234 254 255 258 261 300 298 283 284 292 295 293 321 296 271 258 242 246 243 241 239 291 307 353 387 378 378 413 448 475 509 518 483 450 448 441 403 376 349 331 349 363 380 398 415 438 461 477 514 573 644 648 634 610 587 555 607 596
396 390 401 442 424 394 345 313 292 277 292 302 304 304 302 284 259 239 234 228 221 223 220 223 216 217 214 219 218 220 222 226 225 229 228 233 252 275 279 291 323 296 323 370 333 330 331 316 314 313 364 320 302 279 258 256 247 247 243 246 314 331 365 389 392 416 444 468 522 522 496 468 468 449 424 398 373 352 339 350 360 396 436 471 519 522 541 586 634 635 610 569 567 538 583 579
433 384 358 372 401 388 359 328 286 281 307 309 310 320 300 271 240 229 226 227 222 222 220 219 215 213 217 222 236 241 241 245 249 246 251 258 291 322 317 343 365 362 347 406 382 387 368 361 360 326 373 350 307 289 272 266 251 249 244 240 284 313 368 401 415 432 436 480 533 539 516 487 484 470 455 422 385 356 362 379 360 402 427 470 518 547 566 556 593 614 593 536 534 532 553 555
485 441 406 335 322 322 332 292 287 283 298 317 314 299 287 253 230 224 221 221 219 220 217 211 213 217 224 242 247 249 248 247 250 249 251 274 307 303 334 366 393 398 400 456 443 436 417 380 373 360 373 388 316 302 279 266 258 250 244 241 271 321 361 403 410 446 450 477 527 545 540 505 500 466 453 422 398 363 369 404 390 377 429 453 511 532 511 501 576 572 564 512 502 531 535 543
440 415 378 319 310 307 300 297 289 297 316 303 287 254 248 225 222 220 219 218 217 215 209 214 226 244 244 245 245 246 248 245 247 251 253 292 313 318 326 353 376 400 430 489 536 500 464 437 424 385 405 382 337 322 300 271 262 251 238 277 292 330 359 388 402 451 485 517 562 567 552 533 508 482 472 448 408 377 366 391 411 374 389 411 428 424 437 460 487 496 483 482 543 579 608 600
395 347 325 318 313 309 302 301 319 321 315 281 254 234 221 219 217 217 216 216 211 211 209 226 243 242 243 240 244 245 245 248 248 255 259 284 300 304 307 339 365 370 436 501 531 521 495 456 437 403 427 394 335 336 317 275 260 242 265 288 311 334 368 400 418 479 497 527 550 560 574 563 542 506 497 461 418 398 378 379 381 414 406 410 422 442 452 450 451 458 460 503 559 595 626 638
337 331 328 321 326 340 353 356 335 323 279 248 227 220 218 216 217 214 214 210 211 213 213 239 240 238 244 244 244 245 245 246 250 262 266 262 287 292 295 320 350 398 445 467 521 502 509 469 442 426 465 410 360 345 318 274 250 243 275 306 338 351 393 404 414 452 463 490 530 542 554 571 557 531 510 471 451 412 395 392 396 394 446 465 464 485 500 495 477 483 482 492 561 572 623 642
342 361 379 417 362 394 343 314 283 261 242 227 213 212 216 212 209 211 212 210 208 209 222 240 241 238 242 241 242 242 246 248 252 292 295 292 297 299 297 301 325 372 389 446 442 466 496 484 470 442 466 411 356 334 297 237 246 249 292 309 325 349 361 368 372 433 455 503 505 506 542 580 563 538 530 471 447 426 448 438 418 411 439 487 537 552 546 567 526 530 544 537 540 537 572 579
407 399 465 407 406 444 355 327 303 273 251 221 211 215 213 215 212 210 204 210 215 217 229 241 240 240 240 242 242 243 247 250 260 293 299 296 297 300 311 312 312 353 374 396 416 453 479 496 488 446 410 365 326 324 281 243 249 264 282 296 306 315 342 371 387 449 463 485 488 513 541 587 587 553 540 484 461 452 457 421 417 435 421 461 485 515 529 572 556 579 601 554 583 562 552 558
446 403 479 440 451 450 358 336 322 271 240 219 211 210 210 212 209 209 206 207 214 217 218 236 238 236 240 239 239 245 249 253 264 298 303 309 311 321 323 334 336 339 371 380 409 448 475 495 484 422 378 340 287 270 246 252 259 273 288 280 292 312 325 358 388 410 442 461 490 511 529 581 591 575 560 510 494 481 454 430 464 467 436 454 476 475 506 529 599 640 622 585 617 615 584 596
539 474 504 436 394 374 321 294 272 263 235 229 214 214 212 210 211 208 207 214 215 213 215 226 233 241 244 243 246 244 250 257 282 298 314 314 339 346 359 365 371 358 377 389 420 458 475 492 487 432 380 336 248 239 250 277 280 292 323 305 314 349 370 405 418 445 469 481 509 521 540 578 582 598 586 542 515 495 489 492 488 513 518 520 516 494 485 524 572 626 636 685 683 658 658 687
543 534 544 491 418 405 365 349 329 275 238 220 211 211 210 211 208 207 207 211 211 212 218 236 239 241 244 245 244 250 250 280 315 337 338 328 341 352 385 396 388 384 394 407 437 475 484 462 469 417 360 334 246 247 267 282 290 311 347 319 322 351 398 443 454 470 493 519 515 532 550 597 607 588 578 536 518 509 533 529 518 539 581 567 548 538 501 502 556 590 619 728 715 686 713 715
520 514 504 482 452 436 357 332 319 274 232 213 211 210 209 208 207 205 207 213 211 214 218 237 231 239 242 243 248 251 257 296 334 357 347 349 356 354 385 414 420 409 418 428 456 495 473 451 443 385 351 324 250 249 257 282 287 300 344 339 330 352 395 436 449 499 522 540 537 552 588 601 618 600 590 562 540 520 551 556 560 552 585 615 585 563 528 509 548 586 620 703 722 724 772 755
510 463 457 430 412 397 382 336 290 276 227 209 209 208 206 206 204 205 210 211 212 213 221 234 237 237 240 243 249 261 273 310 334 380 374 374 407 406 409 450 439 437 452 457 472 492 466 443 430 368 350 322 277 274 257 249 251 258 299 353 358 380 410 416 417 484 538 549 574 588 602 611 609 585 586 554 542 551 566 587 594 595 608 638 613 589 544 521 542 573 583 643 672 720 716 719
501 505 449 401 391 389 332 332 336 327 218 209 208 207 206 203 203 203 208 209 210 211 218 239 239 238 241 242 249 279 307 315 332 391 385 402 435 447 421 480 475 462 471 482 498 507 481 462 442 389 356 335 286 281 275 263 262 249 270 322 340 380 434 451 464 497 530 550 560 562 576 583 557 562 567 557 579 575 579 601 629 628 649 650 611 583 543 537 563 553 563 618 665 704 699 681
461 459 506 512 435 405 354 304 350 348 226 208 208 206 204 205 203 205 208 211 209 214 224 235 236 238 242 243 252 270 289 322 343 372 383 396 451 478 457 501 522 494 493 502 512 526 493 473 449 415 394 349 299 290 280 271 269 254 268 295 327 360 390 450 459 507 521 514 551 559 552 545 531 539 538 584 599 618 578 590 633 664 678 669 604 583 546 564 595 597 593 650 659 703 689 671
414 428 461 487 415 417 396 323 277 306 237 208 206 204 203 201 200 208 209 213 214 224 231 236 238 238 239 240 247 266 298 331 343 371 390 393 444 466 506 528 558 542 533 535 544 531 506 498 468 410 372 353 308 298 287 280 273 256 261 296 328 354 395 444 466 481 498 501 534 527 525 516 502 504 526 585 615 625 609 603 626 686 686 661 599 583 561 600 607 625 668 697 720 705 685 671
422 367 389 461 442 430 376 340 341 292 237 222 205 203 204 202 205 209 207 228 229 230 230 232 236 237 242 246 252 284 335 379 397 389 392 404 440 448 477 549 576 613 609 608 594 549 513 441 422 390 346 333 316 310 297 283 269 258 269 333 354 388 401 411 419 439 471 512 501 488 467 471 476 500 519 570 600 627 650 650 660 689 684 645 594 588 587 625 655 642 665 728 703 701 673 664
432 401 349 429 409 398 350 336 312 300 255 234 207 200 199 200 205 204 203 225 228 227 231 235 237 237 240 249 254 307 345 406 419 414 421 437 453 457 478 524 562 593 635 612 572 522 492 424 402 380 357 352 331 317 312 289 268 254 278 337 344 359 378 373 389 439 471 493 457 452 443 450 465 495 512 559 589 616 660 688 703 719 689 665 606 594 603 650 695 666 699 714 665 651 661 641
469 428 372 341 406 399 353 321 290 286 249 234 202 202 198 206 208 207 206 226 228 228 231 235 235 239 244 254 261 298 341 377 417 434 457 469 489 495 506 527 558 587 629 614 584 532 498 438 420 404 386 354 322 321 307 289 263 253 271 321 327 342 349 353 382 426 449 462 435 430 424 460 482 495 507 542 574 607 653 672 707 750 741 707 640 620 621 648 719 717 731 700 704 665 633 646
384 374 372 312 337 343 336 319 285 255 244 202 201 203 207 205 206 205 207 217 231 229 234 234 236 236 240 253 267 325 316 356 415 442 460 508 560 553 597 606 603 609 642 638 592 577 546 475 466 446 397 364 335 322 316 290 261 255 279 299 304 311 319 320 330 375 397 404 399 401 433 466 490 510 523 565 589 608 649 660 683 765 756 727 668 652 675 710 745 736 730 688 652 655 614 595
389 363 324 302 304 303 289 283 275 249 227 196 201 201 203 204 206 206 204 213 222 224 230 231 236 237 245 252 264 329 360 411 422 462 491 523 594 596 628 662 647 656 653 628 608 585 535 487 477 458 408 376 349 343 331 285 256 259 279 288 292 295 310 328 328 346 378 371 413 430 452 475 490 529 530 569 593 620 640 661 691 765 770 750 699 700 724 752 717 729 725 683 654 618 603 597
425 422 378 349 288 277 260 250 226 226 203 198 200 202 205 204 206 206 205 210 226 229 231 238 242 241 249 272 311 350 390 432 415 441 503 516 548 583 620 666 679 661 617 586 567 539 498 460 449 437 416 394 368 358 319 279 259 271 278 304 292 303 342 354 360 336 351 364 392 403 439 457 488 512 530 570 596 623 658 679 715 739 764 745 703 698 719 731 689 687 702 675 657 612 583 577
417 427 385 348 321 308 292 284 262 230 200 197 200 202 201 206 208 206 206 223 228 228 234 247 248 260 288 323 347 362 413 399 400 425 468 498 517 528 562 620 631 639 593 564 528 487 445 439 414 396 369 355 355 337 283 258 272 283 283 307 337 352 401 418 405 389 381 394 414 428 444 456 484 508 517 570 600 643 691 702 718 746 720 684 666 645 670 716 682 649 634 668 649 620 567 547
392 421 379 345 332 316 287 280 268 239 199 199 201 201 198 204 204 205 205 212 225 230 233 247 254 267 294 311 323 336 356 376 400 417 454 482 519 529 563 605 626 627 574 552 529 471 431 419 408 382 361 349 315 298 259 263 279 286 287 303 341 359 414 428 430 418 403 412 442 453 469 472 497 518 523 572 610 644 678 697 692 722 694 672 634 633 683 717 715 664 631 611 604 592 559 532
376 370 361 332 321 300 279 269 241 220 197 201 201 199 197 202 203 203 204 214 222 223 226 251 270 292 287 289 315 340 380 396 406 437 456 503 532 542 563 605 630 604 590 539 558 492 462 452 406 390 368 341 274 265 260 272 286 287 296 317 362 394 416 435 458 473 455 453 467 476 499 511 525 549 580 624 624 636 673 672 654 672 648 633 608 635 681 674 675 659 672 626 579 574 523 525
390 360 332 299 291 277 262 259 223 196 193 201 201 200 199 201 203 203 202 218 231 234 238 281 325 352 366 335 315 348 369 420 461 479 525 515 552 565 588 622 643 610 585 573 586 503 466 440 399 353 335 311 271 261 267 284 285 297 305 320 356 394 437 459 474 507 495 487 492 511 547 539 545 569 576 599 592 599 636 657 634 616 601 584 594 629 666 649 627 615 619 624 609 588 527 504
401 365 311 292 267 255 244 236 205 196 196 198 198 196 198 201 202 200 201 223 233 237 258 304 345 351 377 382 363 357 371 397 446 503 512 533 570 583 588 621 628 590 587 579 590 541 469 440 394 345 317 302 293 286 267 281 283 293 306 323 360 382 442 465 504 513 513 510 528 535 556 518 525 551 559 567 563 577 619 642 639 591 578 555 596 629 687 669 622 593 595 580 574 554 507 501
370 329 298 271 263 252 214 199 198 197 196 198 198 196 197 199 199 200 203 239 236 241 276 319 359 371 416 435 392 351 386 396 471 504 526 532 580 598 612 631 603 578 556 554 559 520 469 456 406 344 304 304 314 271 269 282 288 293 299 346 380 381 432 473 498 499 473 511 538 557 551 515 500 514 522 542 552 562 604 634 642 590 549 534 576 629 687 687 633 619 626 624 608 579 528 496
350 317 286 254 250 239 197 198 197 195 193 197 197 194 196 199 200 201 221 242 250 266 283 351 374 392 447 417 390 378 405 416 482 515 520 549 578 588 615 602 571 562 556 535 533 486 481 467 419 363 319 333 304 277 265 275 288 295 323 384 408 422 459 484 477 466 460 472 494 525 528 475 470 483 482 511 536 552 599 611 628 577 514 520 568 570 625 632 674 665 657 649 593 565 516 495
284 282 271 244 227 220 197 196 195 195 195 194 195 204 208 209 217 226 232 254 267 276 300 360 406 452 475 436 431 425 402 412 470 516 545 554 594 595 627 583 544 510 505 493 456 437 424 397 375 350 347 320 288 282 269 267 281 314 367 386 379 399 433 435 420 431 414 441 472 476 446 430 434 447 465 508 533 578 610 619 599 544 493 509 530 524 542 568 639 658 668 608 564 556 522 495
267 272 265 247 227 208 196 194 196 195 194 196 196 196 209 217 223 232 236 269 317 325 305 337 392 458 479 475 472 464 424 458 466 497 566 575 607 619 630 576 529 504 491 461 433 415 391 391 372 369 342 316 287 283 278 262 272 296 355 371 362 383 411 403 384 400 403 419 429 435 411 412 434 471 490 526 551 578 613 614 582 521 491 479 493 507 533 566 644 625 639 632 589 540 461 473
