Test Date/E120/N24/N24.asc
ncols        1201
nrows        1201
xllcorner    119.999583333333
yllcorner    23.999583333333
cellsize     0.000833333333
NODATA_value -32767
[rows 240 to 299 of 1201, columns 1056 to 1151 of 1201]
0 0 0 0 0 0 0 0 0 0 0 0 0 0 0 0 0 0 0 0 0 0 0 0 0 0 0 0 0 0 0 0 0 0 0 0 0 0 0 0 0 0 0 0 1 1 1 0 1 1 1 2 2 4 4 4 4 5 5 5 5 5 5 8 8 7 7 8 5 3 3 8 10 11 11 11 13 13 15 15 15 16 16 16 17 17 17 14 13 13 10 15 15 16 18 19
0 0 0 0 0 0 0 0 0 0 0 0 0 0 0 0 0 0 0 0 0 0 0 0 0 0 0 0 0 0 0 0 0 0 0 0 0 0 0 0 0 0 0 0 0 0 1 1 1 1 1 1 3 3 3 4 4 5 5 5 5 6 8 8 9 9 9 10 11 11 11 12 12 12 13 13 14 14 16 17 18 18 19 18 19 19 18 18 17 16 15 16 14 17 21 21
0 0 0 0 0 0 0 0 0 0 0 0 0 0 0 0 0 0 0 0 0 0 0 0 0 0 0 0 0 0 0 0 0 0 0 0 0 0 0 0 0 0 0 0 0 1 1 1 1 1 1 1 3 4 4 4 4 4 4 5 5 8 9 9 10 10 10 11 11 12 13 13 14 14 14 14 14 16 17 18 19 19 19 19 19 19 19 19 18 16 16 17 16 16 21 22
0 0 0 0 0 0 0 0 0 0 0 0 0 0 0 0 0 0 0 0 0 0 0 0 0 0 0 0 0 0 0 0 0 0 0 0 0 0 0 0 0 0 0 0 0 1 1 1 2 2 3 2 2 3 4 4 4 5 4 4 5 8 8 9 10 9 11 12 12 12 11 12 14 16 15 16 15 16 18 19 19 20 20 20 20 20 20 20 19 20 20 21 17 17 15 21
0 0 0 0 0 0 0 0 0 0 0 0 0 0 0 0 0 0 0 0 0 0 0 0 0 0 0 0 0 0 0 0 0 0 0 0 0 0 0 0 0 0 0 0 0 0 0 1 1 1 2 2 2 2 4 4 4 5 5 5 6 6 7 9 11 11 12 14 14 14 14 15 14 15 17 18 17 18 19 20 20 20 21 21 22 20 22 23 23 22 21 21 20 18 17 17
0 0 0 0 0 0 0 0 0 0 0 0 0 0 0 0 0 0 0 0 0 0 0 0 0 0 0 0 0 0 0 0 0 0 0 0 0 0 0 0 0 0 0 0 2 1 1 1 1 2 1 1 3 2 2 3 5 5 6 7 7 8 7 10 11 11 13 14 14 14 16 16 15 16 17 18 17 18 20 21 21 21 22 21 23 24 23 23 23 23 22 25 19 19 20 17
0 0 0 0 0 0 0 0 0 0 0 0 0 0 0 0 0 0 0 0 0 0 0 0 0 0 0 0 0 0 0 0 0 0 0 0 0 0 0 0 0 0 0 0 1 2 1 1 1 1 1 2 2 3 3 2 4 5 6 6 6 7 7 8 12 13 14 15 16 16 16 17 17 18 19 19 20 20 21 21 22 23 24 24 24 24 24 24 24 25 26 26 22 19 21 14
0 0 0 0 0 0 0 0 0 0 0 0 0 0 0 0 0 0 0 0 0 0 0 0 0 0 0 0 0 0 0 0 0 0 0 0 0 0 0 0 0 0 0 0 0 1 2 2 2 2 2 2 3 3 3 4 5 5 5 6 6 9 9 9 12 13 14 15 16 16 18 19 18 18 19 19 20 20 20 21 25 25 26 27 26 25 26 27 30 30 30 30 32 26 26 23
0 0 0 0 0 0 0 0 0 0 0 0 0 0 0 0 0 0 0 0 0 0 0 0 0 0 0 0 0 0 0 0 0 0 0 0 0 0 0 0 0 0 1 1 0 1 1 2 2 2 3 5 5 5 6 7 8 7 6 7 6 8 10 10 13 13 15 16 17 18 19 19 20 19 19 19 22 22 21 22 27 28 29 31 34 34 35 37 32 43 46 39 40 38 37 30
0 0 0 0 0 0 0 0 0 0 0 0 0 0 0 0 0 0 0 0 0 0 0 0 0 0 0 0 0 0 0 0 0 0 0 0 0 0 0 0 0 0 1 0 0 1 1 3 4 4 2 2 4 5 7 7 6 6 6 4 8 8 7 10 12 13 14 17 18 18 20 22 21 20 21 21 22 24 25 24 29 32 35 33 36 39 42 43 38 46 50 47 45 45 47 44
0 0 0 0 0 0 0 0 0 0 0 0 0 0 0 0 0 0 0 0 0 0 0 0 0 0 0 0 0 0 0 0 0 0 0 0 0 0 0 0 0 0 1 0 1 0 1 3 4 4 4 3 4 6 7 7 7 7 5 7 7 8 9 9 12 14 16 17 18 19 22 22 22 21 23 22 26 27 28 29 37 46 37 33 46 45 49 47 46 46 53 51 49 49 53 52
0 0 0 0 0 0 0 0 0 0 0 0 0 0 0 0 0 0 0 0 0 0 0 0 0 0 0 0 0 0 0 0 0 0 0 0 0 0 0 0 0 2 0 0 0 2 3 3 5 5 4 3 4 4 5 7 7 9 8 8 6 10 11 12 12 14 15 18 19 20 24 25 25 25 23 24 31 35 39 36 55 62 59 53 41 53 72 72 69 48 61 61 60 71 76 60
0 0 0 0 0 0 0 0 0 0 0 0 0 0 0 0 0 0 0 0 0 0 0 0 0 0 0 0 0 0 0 0 0 0 0 0 0 0 0 0 0 0 1 0 1 2 2 3 4 4 4 3 4 4 5 7 8 8 9 9 11 11 10 11 14 15 17 18 20 21 25 26 30 38 35 36 44 37 50 53 49 66 67 63 59 44 69 73 67 54 69 73 69 81 77 35
0 0 0 0 0 0 0 0 0 0 0 0 0 0 0 0 0 0 0 0 0 0 0 0 0 0 0 0 0 0 0 0 0 0 0 0 0 0 0 0 0 0 0 0 1 4 3 4 3 4 4 5 5 5 8 5 9 10 10 9 10 10 9 11 17 18 18 22 22 22 34 39 30 38 47 50 58 54 47 61 62 67 69 69 65 54 59 73 73 55 75 85 83 94 70 48
0 0 0 0 0 0 0 0 0 0 0 0 0 0 0 0 0 0 0 0 0 0 0 0 0 0 0 0 0 0 0 0 0 0 0 0 0 0 0 0 0 1 1 2 2 4 4 4 4 4 5 5 6 6 7 7 10 10 10 8 8 15 14 22 36 27 40 37 37 38 47 53 31 42 57 59 61 67 52 57 77 75 74 72 73 71 73 72 76 65 82 80 97 88 70 55
0 0 0 0 0 0 0 0 0 0 0 0 0 0 0 0 0 0 0 0 0 0 0 0 0 0 0 0 0 0 0 0 0 0 0 0 0 0 0 0 1 0 0 0 3 2 3 4 5 6 6 6 7 8 8 9 9 12 12 10 16 13 19 42 43 31 48 49 52 53 55 58 39 38 60 64 67 68 71 60 79 83 86 89 80 77 79 79 87 71 83 94 102 86 56 58
0 0 0 0 0 0 0 0 0 0 0 0 0 0 0 0 0 0 0 0 0 0 0 0 0 0 0 0 0 0 0 0 0 0 0 0 0 0 0 0 0 0 0 1 2 4 5 4 5 5 7 7 8 8 9 10 10 11 10 10 16 18 24 48 49 40 55 57 63 63 63 65 51 37 71 68 79 80 80 77 71 74 84 86 87 77 78 92 85 78 85 103 91 69 85 57
0 0 0 0 0 0 0 0 0 0 0 0 0 0 0 0 0 0 0 0 0 0 0 0 0 0 0 0 0 0 0 0 0 0 0 0 0 0 0 0 0 0 0 1 1 1 4 4 5 5 6 8 8 9 9 10 10 10 11 11 9 7 25 31 51 61 62 64 66 69 71 72 54 47 64 73 94 84 85 79 78 80 89 89 81 79 86 95 95 87 95 104 94 106 68 91
0 0 0 0 0 0 0 0 0 0 0 0 0 0 0 0 0 0 0 0 0 0 0 0 0 0 0 0 0 0 0 0 0 0 0 0 0 0 0 0 0 0 2 2 2 4 5 6 6 7 9 10 11 15 13 28 22 18 12 11 12 12 14 29 39 65 75 76 80 79 79 81 64 47 72 70 89 97 94 92 88 80 83 92 91 85 83 85 91 100 90 104 104 100 101 91
0 0 0 0 0 0 0 0 0 0 0 0 0 0 0 0 0 0 0 0 0 0 0 0 0 0 0 0 0 0 0 0 0 0 0 0 0 0 0 0 0 0 1 2 4 4 5 5 6 6 10 12 15 24 31 39 41 41 33 20 13 13 13 21 38 58 76 81 78 82 79 80 74 51 72 81 87 91 82 82 68 80 73 72 96 84 84 98 93 104 105 107 108 106 104 107
0 0 0 0 0 0 0 0 0 0 0 0 0 0 0 0 0 0 0 0 0 0 0 0 0 0 0 0 0 0 0 0 0 0 0 0 0 0 0 0 0 0 1 2 4 5 5 5 6 9 25 16 22 44 43 43 51 53 43 36 15 14 12 14 25 41 45 87 85 81 79 81 75 54 69 89 80 80 70 64 82 83 94 89 93 99 95 105 105 106 107 101 108 107 111 110
0 0 0 0 0 0 0 0 0 0 0 0 0 0 0 0 0 0 0 0 0 0 0 0 0 0 0 0 0 0 0 0 0 0 0 0 0 0 0 0 0 0 1 2 2 4 5 6 7 9 35 42 20 38 64 63 60 71 72 52 21 18 16 17 17 26 49 61 65 82 84 77 74 80 56 59 58 66 79 72 73 100 101 101 93 88 109 110 105 106 103 106 107 95 112 109
0 0 0 0 0 0 0 0 0 0 0 0 0 0 0 0 0 0 0 0 0 0 0 0 0 0 0 0 0 0 0 0 0 0 0 0 0 0 0 0 0 0 1 2 2 4 4 6 7 7 42 46 22 35 44 62 67 76 77 61 33 27 17 18 20 14 41 43 61 79 78 84 78 67 78 61 68 88 92 80 99 79 106 102 90 95 95 108 107 106 90 109 95 96 114 115
0 0 0 0 0 0 0 0 0 0 0 0 0 0 0 0 0 0 0 0 0 0 0 0 0 0 0 0 0 0 0 0 0 0 0 0 0 0 0 0 0 0 0 0 5 5 5 8 8 14 53 65 43 24 44 69 76 79 81 80 54 24 14 19 15 21 26 59 58 51 68 66 75 57 76 72 81 71 84 96 102 102 86 98 105 106 107 112 111 99 101 105 95 108 114 115
0 0 0 0 0 0 0 0 0 0 0 0 0 0 0 0 0 0 0 0 0 0 0 0 0 0 0 0 0 0 0 0 0 0 0 0 0 0 0 0 0 1 4 5 5 5 7 7 7 30 66 65 64 61 33 49 63 77 79 74 40 20 20 31 18 22 24 38 35 49 52 54 55 48 62 70 91 97 98 102 101 103 109 105 105 104 90 100 112 90 99 91 92 102 97 108
0 0 0 0 0 0 0 0 0 0 0 0 0 0 0 0 0 0 0 0 0 0 0 0 0 0 0 0 0 0 0 0 0 0 0 0 0 0 0 0 0 3 3 4 5 8 6 8 12 41 55 54 50 51 50 37 58 68 68 57 38 23 20 33 20 22 23 27 29 31 43 48 50 38 54 58 68 81 94 82 71 87 105 106 96 98 81 95 105 89 87 88 112 104 115 111
0 0 0 0 0 0 0 0 0 0 0 0 0 0 0 0 0 0 0 0 0 0 0 0 0 0 0 0 0 0 0 0 0 0 0 0 0 0 0 0 0 3 4 4 5 6 8 8 10 37 64 57 52 48 47 42 53 60 62 56 35 23 24 48 38 30 23 25 25 30 32 31 30 30 31 44 47 70 72 51 71 73 77 99 90 86 89 98 110 84 82 89 100 95 104 111
0 0 0 0 0 0 0 0 0 0 0 0 0 0 0 0 0 0 0 0 0 0 0 0 0 0 0 0 0 0 0 0 0 0 0 0 0 0 0 0 0 0 3 4 4 6 8 12 14 22 49 72 57 58 56 62 52 62 53 54 36 23 28 47 59 69 66 23 24 25 27 29 34 37 33 34 32 52 48 52 58 70 90 77 76 80 100 102 95 69 100 106 114 111 110 87
0 0 0 0 0 0 0 0 0 0 0 0 0 0 0 0 0 0 0 0 0 0 0 0 0 0 0 0 0 0 0 0 0 0 0 0 0 0 0 0 0 0 3 3 5 8 9 14 17 19 43 61 61 61 73 68 65 58 67 64 40 23 29 59 66 73 79 39 36 38 40 33 46 43 34 35 35 37 42 55 48 55 62 64 63 74 90 104 99 70 98 95 97 95 91 98
0 0 0 0 0 0 0 0 0 0 0 0 0 0 0 0 0 0 0 0 0 0 0 0 0 0 0 0 0 0 0 0 0 0 0 0 0 0 0 0 0 0 2 2 4 7 9 12 18 26 39 67 65 68 85 75 66 81 79 77 40 24 31 52 86 88 87 64 50 56 60 37 55 62 52 43 44 36 40 37 42 42 51 54 63 70 100 93 83 67 69 69 70 77 81 79
0 0 0 0 0 0 0 0 0 0 0 0 0 0 0 0 0 0 0 0 0 0 0 0 0 0 0 0 0 0 0 0 0 0 0 0 0 0 0 0 0 2 3 4 4 7 9 18 27 35 55 44 73 84 89 88 76 57 52 45 43 31 34 50 54 48 68 83 85 70 55 44 63 82 58 49 58 33 36 40 46 37 44 55 70 86 91 61 60 72 96 97 91 82 111 102
0 0 0 0 0 0 0 0 0 0 0 0 0 0 0 0 0 0 0 0 0 0 0 0 0 0 0 0 0 0 0 0 0 0 0 0 0 0 0 1 1 1 3 4 5 7 11 18 25 47 71 71 84 86 86 71 69 78 68 46 59 37 33 32 35 58 63 59 67 74 67 54 56 73 82 56 72 39 43 56 56 40 40 45 59 67 62 51 51 86 77 94 103 102 105 114
0 0 0 0 0 0 0 0 0 0 0 0 0 0 0 0 0 0 0 0 0 0 0 0 0 0 0 0 0 0 0 0 0 0 0 0 0 0 0 0 0 2 2 4 7 8 11 28 31 28 67 83 86 73 90 75 76 53 56 64 49 52 44 34 30 46 66 84 89 91 77 75 65 94 96 82 56 43 52 61 56 54 45 42 42 45 54 47 55 61 59 80 96 105 104 117
0 0 0 0 0 0 0 0 0 0 0 0 0 0 0 0 0 0 0 0 0 0 0 0 0 0 0 0 0 0 0 0 0 0 0 0 0 1 1 2 2 3 3 4 6 9 11 39 52 49 37 56 57 74 90 80 64 68 73 77 59 70 65 55 33 38 63 63 69 70 88 93 82 83 82 66 42 48 52 66 71 83 51 54 54 48 45 46 46 74 82 82 97 106 100 101
0 0 0 0 0 0 0 0 0 0 0 0 0 0 0 0 0 0 0 0 0 0 0 0 0 0 0 0 0 0 0 0 0 0 0 1 1 1 1 1 1 2 3 6 7 8 11 55 66 60 66 71 72 80 91 73 69 85 88 64 84 82 61 36 35 34 39 40 51 65 68 65 68 82 88 65 59 43 43 69 67 97 92 76 78 62 45 60 57 49 61 64 69 74 80 69
0 0 0 0 0 0 0 0 0 0 0 0 0 0 0 0 0 0 0 0 0 0 0 0 0 0 0 0 0 0 0 0 0 0 0 0 0 1 1 1 1 1 3 6 8 10 14 55 49 49 67 46 73 84 88 85 80 93 91 76 66 69 41 66 45 57 59 49 42 46 62 64 73 93 71 80 74 65 44 49 68 70 89 82 93 81 60 67 73 46 52 50 50 55 55 64
0 0 0 0 0 0 0 0 0 0 0 0 0 0 0 0 0 0 0 0 0 0 0 0 0 0 0 0 0 0 0 0 0 0 0 0 0 1 1 1 1 5 4 8 9 12 20 30 35 65 37 41 51 65 67 79 64 75 90 79 65 53 62 60 50 58 72 63 53 40 52 64 91 76 64 83 70 52 62 46 51 65 69 69 77 89 103 93 96 63 66 57 70 57 56 83
0 0 0 0 0 0 0 0 0 0 0 0 0 0 0 0 0 0 0 0 0 0 0 0 0 0 0 0 0 0 0 0 0 0 0 0 0 1 3 3 2 4 7 8 10 13 16 23 25 29 65 75 78 70 65 56 72 88 76 65 56 73 66 69 68 53 79 68 68 47 47 50 64 58 65 65 89 90 90 68 50 62 63 55 58 75 70 94 96 89 84 85 79 58 50 72
0 0 0 0 0 0 0 0 0 0 0 0 0 0 0 0 0 0 0 0 0 0 0 0 0 0 0 0 0 0 0 0 0 0 0 0 0 0 0 2 4 4 6 7 9 13 31 48 49 61 69 59 69 50 49 63 72 87 78 72 72 76 80 83 68 64 82 55 53 41 69 68 59 60 84 93 74 80 91 89 54 62 72 81 62 62 63 70 80 88 77 80 77 54 59 60
0 0 0 0 0 0 0 0 0 0 0 0 0 0 0 0 0 0 0 0 0 0 0 0 0 0 0 0 0 0 0 0 0 0 0 0 0 0 0 0 2 4 6 6 9 13 33 51 55 55 59 45 43 49 62 75 74 77 78 83 69 73 85 59 75 69 82 69 67 56 54 73 70 83 68 69 72 83 95 69 55 59 61 77 81 74 91 82 86 90 73 64 60 59 77 81
0 0 0 0 0 0 0 0 0 0 0 0 0 0 0 0 0 0 0 0 0 0 0 0 0 0 0 0 0 0 0 0 0 0 0 0 0 1 1 1 5 5 7 8 9 20 42 31 39 58 67 44 40 61 47 48 55 79 70 65 77 79 68 60 47 67 73 59 68 66 61 44 63 68 55 83 95 87 89 84 56 69 86 86 94 80 101 96 92 98 99 84 66 57 81 99
0 0 0 0 0 0 0 0 0 0 0 0 0 0 0 0 0 0 0 0 0 0 0 0 0 0 0 0 0 0 0 0 0 0 0 0 0 1 1 3 3 5 7 8 8 24 30 38 42 55 46 39 36 39 52 54 71 78 72 51 68 69 47 60 42 51 64 48 63 60 70 47 49 48 65 83 89 66 80 81 70 60 79 87 99 93 89 78 73 86 81 77 59 58 86 85
0 0 0 0 0 0 0 0 0 0 0 0 0 0 0 0 0 0 0 0 0 0 0 0 0 0 0 0 0 0 0 1 1 0 0 1 1 2 2 3 4 6 7 9 9 29 28 42 47 45 42 29 54 54 57 59 77 60 55 53 65 61 42 48 38 40 53 55 71 80 67 74 76 48 57 60 66 74 91 85 96 72 65 76 81 100 91 95 93 70 75 61 60 63 71 69
0 0 0 0 0 0 0 0 0 0 0 0 0 0 0 0 0 0 0 0 0 0 0 0 0 0 0 0 0 1 1 2 2 1 4 2 3 3 3 3 5 6 6 10 17 23 41 37 35 28 40 26 49 45 45 52 58 53 39 63 61 44 48 34 33 42 36 62 81 99 79 85 64 63 71 50 77 52 51 63 83 100 102 87 84 101 111 89 82 76 63 86 77 58 77 78
0 0 0 0 0 0 0 0 0 0 0 0 0 0 0 0 0 0 0 0 0 0 0 0 0 0 0 0 0 0 0 4 1 1 2 3 3 2 3 3 6 6 8 11 16 31 37 30 22 26 25 24 30 34 38 47 58 37 34 57 43 38 31 30 53 59 39 81 89 79 86 59 48 68 86 66 79 83 79 62 62 88 89 105 115 99 93 89 77 62 68 88 82 62 67 74
0 0 0 0 0 0 0 0 0 0 0 0 0 0 0 0 0 0 0 0 0 0 0 0 0 0 0 0 0 0 0 0 2 1 2 2 2 4 3 3 5 7 9 12 15 21 17 13 13 18 29 39 34 56 53 46 66 38 34 53 32 28 53 54 62 62 40 69 78 90 62 53 76 57 89 65 70 80 85 93 63 77 75 98 100 91 73 68 65 89 63 88 97 64 59 73
0 0 0 0 0 0 0 0 0 0 0 0 0 0 0 0 0 0 0 0 0 0 0 0 0 0 0 0 0 0 0 0 1 2 2 2 2 3 3 4 5 8 8 14 10 8 8 36 38 35 45 52 49 49 60 60 44 52 35 41 27 50 53 63 53 75 58 54 68 82 57 76 81 61 84 74 57 68 74 83 62 66 82 84 104 76 73 85 76 99 66 94 100 82 61 65
0 0 0 0 0 0 0 0 0 0 0 0 0 0 0 0 0 0 0 0 0 0 0 0 0 0 0 0 0 0 0 0 2 1 1 2 2 3 3 5 4 5 6 10 10 8 11 26 29 37 46 32 44 35 43 54 42 44 36 22 34 27 37 39 40 57 68 68 78 82 62 88 76 76 89 69 71 87 81 78 96 65 74 89 90 76 102 99 101 79 68 87 95 81 70 66
0 0 0 0 0 0 0 0 0 0 0 0 0 0 0 0 0 0 0 0 0 0 0 0 0 0 0 0 0 0 0 2 1 0 2 2 3 3 3 7 5 8 12 33 29 22 9 15 15 26 40 26 34 25 43 34 40 27 18 22 58 51 37 35 34 55 63 79 80 75 70 87 74 78 74 67 71 85 83 81 88 67 83 94 81 75 102 83 82 72 74 94 84 80 67 64
0 0 0 0 0 0 0 0 0 0 0 0 0 0 0 0 0 0 0 0 0 0 0 0 0 0 0 0 0 0 0 2 2 1 2 2 2 4 5 6 8 9 14 28 42 33 28 9 13 23 31 22 30 14 26 15 23 18 18 26 42 53 36 47 38 45 66 85 79 75 79 86 68 63 63 57 61 70 66 74 76 81 90 96 81 77 97 80 79 77 94 81 79 68 62 69
0 0 0 0 0 0 0 0 0 0 0 0 0 0 0 0 0 0 0 0 0 0 0 0 0 0 0 0 0 0 0 5 1 1 2 2 3 6 7 7 10 11 12 14 20 31 39 14 12 9 10 14 12 13 14 13 16 19 34 21 54 65 38 61 51 39 58 58 58 71 77 69 54 45 41 38 73 64 63 75 90 85 93 89 80 97 93 80 77 101 100 87 71 72 96 79
0 0 0 0 0 0 0 0 0 0 0 0 0 0 0 0 0 0 0 0 0 0 0 0 0 0 0 0 0 0 0 4 0 0 2 3 3 6 7 7 10 14 16 26 19 31 33 34 32 14 13 10 12 28 27 35 30 46 47 28 37 60 49 60 56 44 61 47 43 59 63 62 49 37 35 36 58 71 64 76 83 84 83 74 79 86 83 80 85 92 93 79 67 83 87 80
0 0 0 0 0 0 0 0 0 0 0 0 0 0 0 0 0 0 0 0 0 0 1 1 1 1 1 0 0 0 0 3 2 2 2 3 4 8 7 7 10 21 17 29 30 25 44 24 21 15 23 27 14 42 42 30 54 38 29 26 35 49 64 61 68 48 68 41 38 43 46 51 48 44 33 40 63 80 67 72 75 77 75 57 70 77 60 95 99 90 79 76 71 97 89 74
0 0 0 0 0 0 0 0 0 0 0 0 0 0 0 0 0 0 0 0 0 0 0 0 1 1 1 1 1 1 1 2 2 2 3 4 8 9 9 10 13 23 29 35 34 38 55 23 20 20 34 34 33 18 41 54 50 47 41 43 26 30 48 62 62 66 71 52 49 34 40 31 30 30 40 38 72 74 73 72 72 58 56 45 59 59 59 88 97 78 71 72 76 77 75 91
0 0 0 0 0 0 0 0 0 0 0 0 0 0 0 0 0 0 0 0 0 0 0 0 0 0 0 0 0 0 0 1 2 2 4 7 9 9 9 9 24 38 41 43 39 39 45 46 40 28 37 55 33 18 33 38 57 67 60 41 34 28 44 63 49 47 64 41 35 31 30 28 29 37 40 44 72 80 73 66 53 51 47 41 41 42 61 82 84 78 73 82 86 79 86 93
0 0 0 0 0 0 0 0 0 0 0 0 0 0 0 0 0 0 0 0 0 0 0 0 0 0 0 0 0 0 0 2 2 2 5 8 10 11 11 11 42 42 26 22 25 30 27 36 46 50 54 33 28 28 29 29 40 48 39 34 62 46 40 42 40 56 68 53 52 42 27 27 48 50 58 71 81 81 73 63 41 50 38 37 47 44 56 86 85 78 71 96 80 80 99 102
0 0 0 0 0 0 0 0 0 0 0 0 0 0 0 0 0 0 0 0 0 0 0 0 0 0 0 0 0 0 1 2 3 3 6 8 9 11 11 11 19 31 24 38 50 56 46 39 48 64 59 51 35 36 60 46 46 47 40 63 55 36 56 56 39 60 45 41 44 36 25 45 48 46 45 57 65 64 65 56 54 34 43 49 70 50 81 82 82 92 76 82 98 99 94 98
0 0 0 0 0 0 0 0 0 0 0 0 0 0 0 0 1 0 0 0 0 0 0 0 0 0 0 0 0 0 1 2 4 5 6 9 9 10 8 22 36 44 32 27 44 63 69 44 43 72 57 50 41 43 44 57 66 53 51 70 43 41 57 63 49 64 37 30 34 25 32 40 37 34 53 57 52 50 54 55 41 33 38 57 54 40 60 66 60 78 80 76 82 82 84 96
0 0 0 0 0 0 0 0 0 0 0 0 0 0 0 0 0 0 0 0 0 0 0 0 0 0 0 0 0 0 1 2 3 4 7 9 9 11 24 52 49 49 37 41 35 52 43 44 42 57 51 38 34 42 35 45 42 52 49 50 64 57 58 52 55 48 41 33 27 23 31 27 29 39 46 37 40 36 34 56 50 31 37 61 46 35 52 43 43 49 87 78 92 87 82 95
0 0 0 0 0 0 0 0 0 0 0 0 0 0 0 0 0 0 0 0 0 0 0 0 0 0 0 0 0 0 2 3 5 4 8 9 12 15 14 33 56 49 37 29 46 44 32 58 62 49 45 44 28 28 35 27 31 47 43 37 54 46 52 35 39 49 32 41 34 20 23 27 40 47 35 33 47 32 31 39 53 29 37 56 46 34 43 37 38 46 86 80 92 97 79 88
