Test Date/E121/N25/N25.asc
ncols        1201
nrows        1201
xllcorner    120.999583333333
yllcorner    24.999583333333
cellsize     0.000833333333
NODATA_value -32767
[rows 1100 to 1154 of 1201, columns 672 to 767 of 1201]
0 3 6 4 7 7 7 8 8 7 7 7 15 8 7 8 8 8 8 7 8 9 8 10 15 10 9 16 20 9 9 13 18 34 19 11 11 11 11 12 12 11 13 15 22 34 58 44 36 23 19 17 16 18 15 34 35 30 36 70 62 77 74 70 72 47 36 69 95 112 74 53 33 50 74 86 68 14 23 36 67 108 116 82 48 41 20 52 67 88 88 58 36 11 8 5
6 0 6 6 6 5 7 8 8 7 7 7 7 7 8 8 6 4 7 7 7 9 9 8 18 10 9 9 30 29 20 8 7 27 22 11 11 11 11 11 21 29 29 13 22 25 30 57 34 28 20 16 13 13 13 14 14 21 38 56 89 80 83 77 36 27 24 47 71 88 96 63 70 91 87 84 78 13 30 66 83 115 102 72 51 52 57 23 68 80 85 67 50 26 6 5
5 1 4 4 6 6 7 7 7 6 6 7 7 7 7 6 6 6 7 7 8 8 8 9 9 10 9 9 12 8 8 9 9 9 10 9 9 11 11 11 21 26 16 14 22 24 25 30 31 24 21 14 14 12 12 12 15 26 22 43 67 94 109 76 64 61 54 48 60 69 80 78 96 76 54 52 44 13 31 45 87 82 70 76 84 75 49 21 44 64 102 72 40 10 21 6
5 3 5 5 7 7 7 3 3 5 7 8 7 7 7 7 7 7 5 7 8 7 8 8 8 8 8 8 9 9 24 28 13 11 29 35 9 10 11 11 11 11 11 13 22 21 32 32 32 45 17 14 14 13 13 13 13 28 62 61 58 105 96 102 107 58 46 20 26 56 100 84 78 103 72 46 37 13 14 44 61 49 56 71 83 80 77 14 28 63 81 65 52 29 47 25
6 6 1 6 4 3 5 8 6 6 5 7 7 7 7 7 6 7 7 7 7 8 8 8 8 8 8 8 21 12 32 53 42 32 29 19 9 9 9 9 10 10 11 18 17 16 18 16 32 55 44 43 32 39 37 24 12 30 72 97 98 72 75 77 103 100 94 33 25 56 84 75 50 80 89 32 17 13 14 22 43 45 52 66 69 65 61 17 27 36 75 74 44 65 63 59
7 4 0 5 4 6 7 6 6 7 8 7 7 7 7 6 6 6 8 8 7 7 7 8 8 8 8 6 10 12 11 26 13 13 13 9 9 9 9 10 10 10 10 10 12 12 13 13 30 47 74 64 67 76 45 13 12 47 67 81 96 88 69 55 71 67 67 47 32 63 55 43 47 62 63 51 21 12 14 15 36 43 49 64 70 66 77 30 13 55 47 69 58 50 32 37
7 4 1 6 7 3 6 6 5 5 7 7 7 7 5 6 5 8 9 7 8 8 8 8 8 8 8 7 7 6 9 10 10 10 10 8 8 11 16 18 13 14 15 12 13 17 29 31 26 37 72 97 100 123 106 36 18 50 52 56 72 73 72 66 30 37 31 31 18 47 74 48 20 33 58 11 11 10 36 34 30 49 53 61 68 53 51 41 24 25 33 43 84 30 13 9
7 4 1 5 6 7 5 5 5 5 7 6 6 6 6 5 7 7 7 6 6 7 7 5 7 7 8 8 5 7 7 11 11 10 8 8 10 9 18 17 15 27 33 31 34 42 48 40 20 39 53 58 84 98 97 71 39 46 47 48 51 60 52 59 50 40 36 20 15 32 52 46 15 23 47 12 12 23 40 57 48 77 81 67 62 52 49 30 14 27 57 75 83 49 24 24
6 4 1 6 7 6 5 4 5 6 5 5 6 5 6 4 5 7 7 7 7 7 6 7 7 7 7 7 7 7 6 6 6 22 7 10 11 12 12 19 17 62 61 71 75 72 75 67 40 25 39 41 67 72 71 68 15 28 47 34 46 45 41 36 47 47 48 17 14 17 49 40 14 12 15 13 10 21 33 63 65 57 59 66 83 63 55 30 13 12 23 58 82 54 47 41
5 0 6 6 6 6 5 5 5 0 0 4 0 0 6 7 7 7 8 7 8 6 5 7 8 8 8 8 8 8 7 13 23 34 9 12 17 38 54 68 94 82 76 84 59 57 64 70 58 30 27 39 40 40 41 41 15 9 16 31 33 25 21 22 40 34 34 31 12 12 30 33 16 10 11 10 10 26 52 84 41 38 42 34 76 65 47 45 35 13 12 31 80 42 48 49
6 0 6 5 5 5 6 4 1 1 4 4 4 1 9 7 7 6 7 7 8 7 8 8 8 8 10 20 10 9 5 27 30 32 32 32 32 46 68 73 86 79 59 60 56 54 53 53 44 36 41 34 17 24 26 14 10 9 12 30 28 19 17 19 68 39 29 50 11 11 14 34 10 10 9 10 10 17 63 77 49 30 36 36 41 50 29 29 33 20 12 31 77 34 42 43
6 1 5 6 6 6 0 0 0 4 5 5 5 2 0 6 6 7 6 7 8 8 8 9 9 15 30 32 39 43 23 21 26 21 27 15 25 40 61 55 63 57 58 50 38 35 27 30 31 26 21 18 17 10 10 10 10 10 11 22 16 14 15 16 51 40 35 35 31 11 8 19 10 11 13 9 9 29 46 78 40 42 15 13 27 41 40 11 28 12 18 43 70 28 29 36
4 0 6 6 5 0 0 0 2 2 3 3 5 4 0 3 3 3 6 9 7 2 6 7 11 14 51 74 67 79 59 45 46 25 16 13 20 36 27 22 33 31 32 37 36 27 21 21 13 12 11 10 10 10 10 10 9 9 12 17 14 14 14 15 45 29 21 49 41 14 12 12 10 12 16 27 37 56 39 62 43 30 15 15 14 14 25 12 12 12 51 46 47 38 23 54
2 0 0 0 0 1 2 2 2 4 4 4 3 2 0 1 1 2 2 7 5 6 11 12 36 28 35 57 81 67 43 45 45 47 57 13 10 18 27 17 9 11 12 13 36 46 36 35 36 11 24 12 11 13 12 10 10 11 13 13 13 12 13 13 49 33 18 17 16 15 13 13 13 8 35 54 49 55 25 19 56 44 51 33 24 30 15 11 27 31 25 18 18 18 16 23
8 5 4 2 2 1 1 3 4 5 5 5 3 3 0 3 3 3 1 4 4 6 22 37 24 9 20 41 60 60 64 27 29 46 37 7 7 7 8 9 8 9 9 9 40 37 37 38 40 14 34 33 20 10 29 14 13 11 13 12 13 13 13 13 23 35 15 15 15 15 12 11 12 11 24 50 48 42 23 19 53 51 32 24 22 13 13 9 8 11 11 11 12 16 11 12
4 3 4 5 9 7 7 8 8 8 8 3 3 3 0 3 3 5 4 5 5 12 25 24 26 8 9 20 34 45 40 15 11 31 14 7 7 7 7 7 8 10 10 21 18 34 59 51 53 51 38 24 15 41 24 14 15 14 11 12 14 14 13 12 14 15 14 14 14 13 11 11 11 11 20 44 46 24 14 18 35 32 24 13 12 12 12 11 11 11 12 12 13 9 16 8
3 3 3 3 3 3 3 3 2 3 3 5 2 2 0 2 2 2 2 7 9 11 7 6 7 6 7 7 19 26 8 8 8 8 8 7 7 7 8 10 8 12 17 20 13 23 27 25 51 26 35 40 20 53 17 42 33 32 15 14 15 15 13 11 11 12 12 12 12 12 11 11 11 8 14 26 33 13 14 43 13 13 12 12 12 12 12 12 12 10 13 8 15 12 11 7
4 4 4 4 4 3 3 3 3 2 4 4 3 3 0 3 2 3 4 5 6 6 7 7 11 6 7 7 12 8 8 8 7 8 7 7 7 7 8 7 10 38 22 15 18 11 18 28 34 28 21 52 46 46 41 20 20 17 17 17 19 13 12 10 10 11 11 11 11 12 11 11 10 6 9 18 27 13 13 18 11 13 11 11 11 11 11 12 11 13 12 16 12 11 9 0
4 4 4 4 3 3 2 2 3 3 3 2 2 2 0 2 3 4 4 6 6 6 5 5 5 8 10 5 7 7 8 8 7 7 7 7 7 7 7 7 20 40 28 24 9 9 35 37 40 19 14 29 40 44 23 35 45 41 29 20 27 12 10 9 9 10 10 10 10 10 9 4 7 8 11 19 34 19 12 11 10 11 11 11 11 11 12 13 12 11 12 11 13 11 8 0
4 4 4 3 3 3 3 3 3 3 3 3 0 0 2 4 4 4 4 5 6 6 6 6 6 6 6 6 8 10 8 7 7 7 7 7 7 7 7 8 8 26 15 34 11 7 12 9 9 9 12 24 41 44 37 64 31 25 25 25 23 8 8 9 10 10 11 10 9 8 10 10 13 24 11 19 13 10 11 10 11 10 10 12 11 11 13 15 14 13 13 13 11 9 4 4
4 4 4 4 4 4 3 3 4 4 4 3 0 0 3 3 3 4 3 4 5 6 5 5 5 4 4 4 5 2 5 11 6 7 6 8 8 8 7 7 13 18 9 11 9 7 7 7 8 11 27 47 47 25 58 52 29 38 27 20 20 9 11 10 10 10 11 10 8 10 11 12 14 13 13 13 10 9 10 10 11 11 10 12 12 12 12 12 12 12 12 11 10 9 0 5
4 4 4 3 3 3 3 3 2 2 5 4 0 1 2 2 3 4 4 4 4 4 4 4 4 0 0 0 3 0 2 6 9 13 13 7 9 10 12 7 8 14 10 5 6 8 10 12 26 29 42 39 25 19 44 54 45 34 23 25 16 10 10 10 12 11 10 10 5 9 9 10 9 10 9 6 5 5 9 10 10 11 11 11 11 12 12 12 13 12 12 12 10 7 0 11
5 5 6 6 6 4 3 3 3 3 5 0 2 2 3 3 2 3 4 5 5 0 0 0 0 3 3 3 3 0 4 6 6 7 7 10 10 10 11 12 12 7 5 6 8 11 11 11 11 28 27 20 13 15 12 14 12 11 16 17 13 5 8 6 1 1 3 6 5 7 9 8 10 10 7 6 11 5 10 10 9 9 11 11 11 12 12 12 13 13 11 8 7 1 11 11
5 5 5 5 5 4 3 3 3 3 3 0 5 6 2 7 6 6 4 0 0 0 2 2 6 3 3 3 2 0 8 5 5 4 7 8 9 13 12 14 15 12 10 10 8 9 10 10 11 12 11 11 12 12 11 10 25 19 26 11 9 7 5 0 6 7 3 0 0 5 7 7 8 6 5 6 5 7 10 9 9 10 10 11 12 12 12 14 14 12 8 9 6 9 9 9
5 5 4 5 5 4 4 3 3 3 2 0 6 6 5 6 5 0 0 0 0 6 3 2 6 4 4 1 0 6 9 5 4 8 7 8 10 12 12 14 9 13 12 10 8 6 9 8 8 8 9 11 11 12 27 17 25 24 14 7 7 7 2 6 6 5 7 8 5 4 0 2 4 7 6 7 6 8 9 8 11 13 11 12 11 11 13 14 6 1 1 2 1 8 8 8
5 4 4 3 3 2 2 2 2 2 2 0 0 0 0 0 0 0 0 4 5 5 5 4 4 5 1 0 1 8 10 8 5 7 7 10 8 11 14 8 5 7 7 8 8 9 9 13 10 19 13 10 10 24 29 14 18 8 25 33 6 0 0 6 12 13 5 9 9 5 6 0 0 8 7 8 5 8 8 11 11 11 11 12 12 12 12 4 2 10 10 7 8 5 9 7
3 3 2 2 2 2 2 2 2 2 3 5 4 2 2 7 7 8 3 5 6 5 5 5 4 0 0 4 13 12 3 4 8 8 7 13 14 10 14 10 0 9 0 0 6 10 9 7 8 9 9 12 10 28 49 46 42 50 40 18 1 6 8 9 11 5 10 9 10 10 6 6 6 0 9 9 9 10 7 10 10 11 11 12 12 13 2 9 10 12 11 11 10 10 9 10
3 3 2 2 1 1 2 2 2 2 2 3 5 5 3 6 5 5 5 5 5 5 5 5 2 0 3 5 16 17 15 5 6 9 10 7 8 9 9 0 7 9 2 0 7 5 7 6 6 7 11 13 32 41 50 50 35 21 6 12 1 10 10 10 10 10 10 9 9 10 7 7 6 5 5 9 9 11 10 11 11 11 11 11 13 2 4 7 10 10 10 10 11 10 9 9
3 3 3 2 2 2 2 2 3 3 3 4 4 4 5 5 6 6 6 6 6 5 2 0 0 4 4 4 8 5 5 6 7 7 7 7 8 8 6 0 6 9 0 0 3 5 6 6 6 9 11 13 23 19 11 3 19 14 1 8 10 10 10 10 10 11 10 9 9 10 10 7 7 6 0 11 9 11 11 12 11 10 9 12 6 1 11 11 11 10 11 10 10 10 9 9
3 3 3 3 3 3 3 4 4 4 4 4 6 6 6 7 4 4 4 5 5 0 0 0 5 6 4 4 4 5 8 6 6 6 6 7 6 4 0 5 5 0 2 4 4 5 3 0 0 0 0 0 0 1 7 6 6 6 9 9 10 10 10 10 10 10 10 10 10 10 11 11 10 7 5 6 7 12 12 12 12 12 12 8 1 10 11 10 10 10 10 10 10 10 10 13
3 3 3 3 3 3 4 4 4 4 4 4 4 4 6 5 4 3 4 5 0 0 3 4 4 6 5 5 7 6 6 6 6 6 5 5 7 0 4 6 5 0 4 4 1 0 0 4 4 5 6 7 7 7 7 7 8 8 10 10 10 10 9 9 10 10 10 10 10 10 10 10 10 8 6 0 6 8 12 10 11 11 11 1 9 10 11 10 10 10 10 10 10 10 10 27
3 3 3 3 3 4 4 4 4 4 5 4 4 4 4 4 4 4 4 0 0 3 4 4 4 5 5 6 6 6 6 6 6 6 5 6 0 2 8 5 5 0 0 0 0 3 6 7 4 4 7 5 6 6 7 7 8 8 10 10 10 9 9 9 9 10 10 10 9 9 10 10 10 11 7 5 1 7 11 8 11 12 12 1 9 9 11 10 10 11 10 9 9 10 20 43
4 4 4 4 4 4 4 4 4 4 4 4 5 4 4 4 3 0 0 3 4 4 4 4 5 5 6 5 6 6 6 6 6 4 4 0 6 6 7 6 6 3 2 7 8 8 7 7 5 5 7 6 6 5 7 7 7 8 9 9 10 10 10 10 9 10 10 10 9 9 9 9 7 5 1 8 2 2 9 11 12 12 12 5 9 10 11 10 10 9 13 12 10 16 42 12
4 4 4 4 4 4 4 4 4 4 4 4 4 4 4 4 0 4 3 3 3 3 6 5 4 5 5 6 7 7 6 7 3 3 0 5 6 7 7 7 6 4 4 4 7 9 6 5 8 6 5 8 7 9 8 8 8 8 9 8 9 9 9 9 10 10 11 11 9 10 10 10 8 5 7 1 6 1 4 11 12 12 11 6 5 10 12 11 11 10 9 10 12 34 25 13
4 4 4 4 4 4 4 4 4 4 4 4 4 4 4 0 3 5 3 3 4 6 5 5 5 6 5 5 7 8 6 4 0 0 4 6 7 7 7 7 7 7 7 7 7 4 3 3 4 4 5 6 8 7 8 8 7 7 9 9 9 9 10 10 10 10 10 10 10 10 10 10 10 11 9 9 9 9 1 1 9 12 2 10 10 12 13 11 11 10 12 33 33 14 15 43
4 4 4 4 4 4 4 4 4 4 5 5 4 2 0 3 3 5 7 5 5 5 5 4 4 4 3 4 0 0 0 5 6 6 6 7 7 7 7 7 7 7 7 7 7 7 7 6 7 7 8 7 7 7 7 7 8 7 9 9 9 9 9 10 10 10 10 10 11 11 10 10 10 6 51 65 60 64 47 22 12 15 13 11 11 13 20 23 22 46 32 19 33 17 19 61
4 4 4 4 4 4 4 4 4 4 5 5 5 0 0 6 4 5 5 5 5 6 0 0 0 0 0 0 5 6 6 7 7 7 7 7 7 7 7 7 7 7 7 7 7 7 8 8 8 8 8 8 8 8 8 8 8 8 9 9 9 11 11 11 11 10 10 10 11 11 10 9 6 5 57 62 79 69 64 52 40 21 37 27 29 47 43 59 40 74 37 42 68 35 18 68
4 4 4 4 4 4 4 3 4 5 4 5 5 0 0 10 6 5 0 0 0 0 0 0 0 2 0 0 3 5 5 5 5 5 6 6 6 7 6 6 6 6 6 4 7 7 7 7 7 7 8 8 8 8 8 8 8 8 9 9 10 13 26 36 10 10 11 11 10 10 9 6 7 18 42 34 55 33 66 62 60 55 62 36 39 45 55 80 68 46 33 57 58 23 31 77
4 4 4 4 4 4 4 4 4 4 4 5 5 0 0 0 0 0 0 0 1 3 6 6 5 6 5 5 6 6 6 7 7 7 7 7 7 7 7 6 7 7 7 7 7 7 7 8 8 8 7 8 7 8 11 13 13 14 17 11 10 48 33 50 29 12 12 11 8 7 4 10 22 25 25 14 33 37 60 39 57 41 36 61 45 45 62 89 67 43 34 75 71 42 19 61
5 5 5 5 5 5 4 4 5 5 4 4 5 5 5 5 6 6 6 6 6 6 6 6 2 6 6 5 6 6 6 6 6 7 7 7 7 7 7 7 6 7 7 6 6 6 8 8 8 8 11 31 25 26 55 53 46 56 53 37 35 57 26 25 59 44 12 9 9 9 8 9 10 10 15 25 24 35 61 42 35 27 24 50 49 43 63 45 64 90 63 70 55 28 24 57
5 5 5 4 4 4 4 4 4 4 5 5 5 5 5 5 6 6 6 6 6 6 6 6 1 5 6 6 6 6 6 6 6 6 6 6 6 6 6 6 6 7 7 6 6 10 11 19 46 28 35 38 48 34 28 36 58 39 22 25 29 40 23 15 29 16 34 5 9 11 11 11 9 10 12 28 39 52 55 49 25 25 21 51 35 35 43 39 38 69 96 79 58 54 51 36
6 6 6 6 6 6 5 5 5 5 5 6 6 6 6 7 7 7 7 7 7 7 7 7 7 7 7 7 7 8 7 8 7 7 7 7 7 7 7 8 8 8 8 8 8 25 32 37 35 21 46 44 38 38 24 14 35 47 50 19 14 12 12 12 10 10 9 10 10 11 11 15 10 9 11 16 23 45 31 19 16 18 19 21 22 45 27 43 27 42 65 71 53 78 41 26
6 6 6 6 6 6 6 6 6 6 6 6 6 6 6 6 6 6 6 6 6 6 7 7 7 7 7 7 8 8 8 8 8 8 8 9 8 7 7 7 8 9 14 21 11 11 12 11 14 15 21 22 18 15 13 13 12 42 37 11 11 10 9 9 10 8 8 8 4 10 10 12 11 10 10 10 11 12 21 13 14 15 16 30 21 18 22 22 24 27 57 72 66 55 63 51
6 6 6 6 6 6 6 6 6 6 6 6 6 6 6 6 6 6 6 6 6 6 7 7 6 7 6 7 7 8 8 8 8 8 8 9 7 7 8 8 8 11 9 9 11 24 35 49 51 36 18 36 35 36 41 15 12 13 11 9 9 11 9 9 9 9 9 7 7 9 11 11 12 9 16 10 11 12 11 12 14 15 16 17 18 27 43 39 40 29 34 45 41 41 49 70
5 5 5 5 5 5 5 5 5 5 6 6 6 6 6 6 7 7 7 7 7 7 7 7 7 7 7 7 7 8 8 8 8 9 9 9 9 8 8 8 11 9 9 11 9 24 26 17 14 41 44 47 14 25 24 21 19 12 11 9 18 34 10 9 10 10 10 8 8 9 13 29 13 11 35 23 13 12 13 14 13 16 32 26 28 20 24 32 47 40 31 32 36 55 57 73
7 6 6 6 6 6 6 6 6 6 6 5 5 5 5 5 6 6 6 6 6 6 6 7 7 6 7 7 7 8 8 8 8 9 11 12 23 11 13 11 15 8 15 31 13 12 13 12 12 20 49 16 16 16 13 14 14 30 34 20 12 52 16 6 10 11 11 9 9 9 15 24 44 52 46 43 29 38 28 13 25 23 15 26 20 28 36 24 30 63 61 54 38 58 64 78
7 7 7 6 6 6 6 6 6 6 6 6 5 5 5 5 6 6 6 6 6 6 7 7 7 7 7 7 8 8 8 8 9 12 32 16 25 25 15 13 19 10 22 15 30 21 44 13 13 44 48 49 42 25 13 14 21 34 44 36 49 49 29 5 10 11 11 10 9 9 18 18 27 45 39 45 41 39 33 16 21 45 26 47 20 28 57 37 39 41 86 56 43 56 90 104
7 7 6 7 7 6 6 6 6 6 5 5 5 5 5 6 6 6 7 7 7 7 7 7 7 6 7 8 8 7 8 9 10 22 30 20 17 17 15 14 16 12 20 20 41 41 30 13 20 31 55 31 21 15 14 15 31 28 32 56 45 37 29 10 10 11 12 11 11 10 10 13 26 21 41 42 49 30 20 18 33 40 56 64 39 22 44 48 66 67 67 56 51 56 67 87
7 6 5 6 5 5 5 5 5 5 5 6 6 6 6 6 7 7 7 7 7 7 7 7 7 7 7 6 7 6 9 8 9 24 11 22 17 21 11 8 24 14 16 16 16 47 26 15 49 41 17 18 29 29 21 15 52 13 34 37 14 14 8 8 11 11 12 12 12 12 11 12 12 14 32 43 46 49 51 50 33 47 39 73 68 58 47 77 92 107 104 86 74 62 83 83
7 6 6 6 6 6 6 6 6 6 6 6 6 6 7 7 7 7 6 6 6 6 6 6 7 7 7 7 7 7 8 8 8 10 9 17 22 19 15 9 13 27 15 21 15 27 29 17 35 26 24 37 44 51 47 21 43 16 24 19 12 12 10 11 10 11 11 13 14 14 12 13 8 12 18 20 27 28 21 27 68 71 72 67 68 71 60 81 94 115 120 106 89 63 90 95
7 7 6 6 6 6 6 6 6 6 6 6 7 7 7 7 7 7 7 7 7 7 7 7 7 8 8 8 8 8 8 7 8 8 8 9 31 15 22 22 11 35 15 16 16 17 41 18 35 44 32 40 64 63 35 31 58 34 43 41 48 14 10 10 12 12 12 13 13 14 15 12 13 10 15 16 17 18 18 32 67 58 60 46 37 63 91 110 111 121 127 128 97 69 91 111
8 7 6 6 6 6 6 6 6 6 6 6 7 7 7 7 7 7 7 7 7 7 7 7 7 7 8 8 8 8 8 8 8 9 9 11 23 12 12 27 11 33 16 16 15 16 30 20 35 48 43 60 60 54 33 42 68 47 72 74 38 15 11 11 11 11 12 12 12 13 16 14 13 14 15 15 17 18 19 28 56 29 29 32 37 41 73 100 106 131 138 134 106 83 100 117
8 8 8 8 7 7 6 6 6 6 6 6 5 5 5 7 7 7 7 8 8 8 8 8 8 7 7 7 9 10 8 9 9 9 9 13 12 22 13 14 18 28 16 16 16 17 40 58 36 39 71 58 53 34 34 53 82 64 93 78 49 17 43 27 11 13 12 13 14 14 19 17 25 17 16 16 16 18 20 20 22 39 46 52 60 71 83 109 115 126 150 159 126 121 121 125
8 8 8 7 7 7 7 7 7 7 7 7 6 6 7 7 7 8 8 8 8 8 8 8 8 7 7 7 9 9 11 10 10 10 10 11 18 25 14 14 16 45 24 46 51 46 45 86 51 58 86 77 70 53 56 64 98 78 112 94 56 46 69 39 45 20 13 13 13 18 28 27 49 31 18 18 18 20 20 21 26 38 65 84 92 91 118 130 136 146 163 175 163 169 145 154
8 8 8 8 8 8 8 8 7 7 7 7 8 7 7 7 7 8 9 8 8 8 8 8 8 8 8 8 10 9 9 11 10 11 10 11 13 39 37 25 31 47 46 72 80 64 62 100 55 56 94 97 108 73 97 90 116 136 119 108 83 89 85 63 67 62 24 13 14 32 50 48 52 19 19 18 19 16 20 23 27 51 70 83 113 123 133 155 156 149 160 157 168 173 180 179
