Test Date/E121/N25/N25.asc
ncols        1201
nrows        1201
xllcorner    120.999583333333
yllcorner    24.999583333333
cellsize     0.000833333333
NODATA_value -32767
[rows 1045 to 1099 of 1201, columns 480 to 575 of 1201]
96 81 70 63 57 76 89 108 116 145 163 189 255 250 268 327 359 401 442 451 400 351 341 337 349 469 452 408 383 352 437 450 430 425 456 368 371 366 374 331 245 223 239 269 225 243 239 211 163 140 132 95 81 68 55 35 21 9 7 8 7 6 4 2 0 0 0 0 0 0 1 4 4 7 47 44 44 43 39 30 16 9 7 6 5 4 4 2 1 1 1 1 1 1 1 1
101 74 89 80 67 68 90 105 115 142 157 177 203 221 265 302 348 388 423 419 374 321 316 330 331 397 383 364 333 318 340 369 391 385 395 377 406 409 390 378 277 269 289 324 300 298 254 239 174 152 121 82 76 66 48 30 18 12 8 7 6 3 4 2 0 0 0 0 0 0 1 1 5 5 45 45 43 42 39 32 9 6 6 5 4 4 2 2 1 1 0 1 1 1 1 1
111 106 110 88 96 75 78 97 106 141 147 167 218 233 248 272 319 368 398 402 341 315 290 301 308 317 315 325 318 281 282 296 299 319 375 348 311 317 296 340 294 314 333 382 309 246 188 168 124 102 82 62 56 52 36 23 16 13 10 6 5 3 1 2 0 0 0 0 0 0 1 1 1 4 29 47 47 36 32 14 6 6 4 4 4 4 4 3 3 1 0 1 1 1 1 1
133 143 106 109 125 94 80 91 100 119 142 164 179 191 228 266 305 345 376 393 316 292 271 279 275 301 305 329 320 275 254 253 272 332 397 378 336 315 269 310 324 286 316 330 278 235 176 156 120 96 94 83 83 72 50 34 24 15 12 8 8 7 4 4 0 0 0 0 0 0 1 1 1 5 9 41 47 40 23 11 6 5 3 3 3 3 3 4 4 1 0 1 1 1 1 1
134 147 130 132 128 113 101 98 92 109 127 140 176 185 205 263 296 326 357 380 318 279 259 260 245 270 303 312 292 257 240 265 289 360 421 383 363 334 246 289 313 264 294 295 241 199 155 145 109 112 112 117 111 77 45 28 24 24 17 11 9 8 6 4 0 0 0 0 0 0 1 1 1 1 5 19 37 37 27 7 5 3 3 3 2 4 4 5 5 1 0 1 1 1 1 1
107 115 114 119 140 133 118 119 109 101 117 131 161 172 192 241 278 306 331 357 328 313 243 241 229 252 285 279 278 240 219 243 269 308 350 321 294 301 212 254 289 272 267 233 211 198 166 156 134 138 122 116 109 67 48 54 42 31 24 16 10 8 7 5 2 0 0 0 0 0 1 1 1 1 3 9 27 37 25 6 4 4 3 2 2 2 1 4 2 0 0 1 1 1 1 1
110 120 128 148 157 160 162 141 138 139 147 132 184 196 211 233 258 281 301 282 279 273 240 221 216 229 242 262 249 225 201 206 207 259 281 265 221 218 183 162 232 185 182 164 174 171 158 156 168 190 147 113 96 82 82 68 63 62 42 29 11 7 5 5 4 0 0 0 0 0 1 1 1 1 3 6 9 23 14 7 3 3 3 2 2 2 1 1 1 0 0 0 0 0 1 1
122 142 157 159 188 179 194 168 154 179 170 147 176 179 202 238 260 267 269 253 230 229 213 210 209 222 242 265 264 232 199 179 187 212 227 234 196 173 167 156 221 208 201 188 148 155 144 137 148 179 169 136 117 106 118 101 80 60 56 48 31 16 7 6 7 5 2 0 0 0 1 1 1 1 4 13 16 35 23 16 6 6 5 3 3 3 3 0 5 0 0 0 0 0 1 0
108 127 182 198 199 208 214 202 196 198 201 184 198 204 234 244 238 253 254 219 220 200 181 191 205 204 238 245 249 236 203 177 168 162 182 201 172 151 159 132 172 181 190 175 145 138 134 133 129 158 187 172 164 145 153 154 124 91 78 65 52 37 16 11 14 19 7 0 0 0 1 1 1 1 2 31 44 46 36 14 5 4 4 4 4 3 3 5 5 5 5 5 5 5 5 5
146 151 154 166 202 211 208 214 225 229 233 234 232 241 240 237 255 264 238 205 182 171 175 197 189 183 198 219 218 199 204 200 173 158 149 162 152 147 152 143 154 158 153 151 159 154 157 159 136 134 169 149 144 141 127 132 121 124 110 73 53 27 21 35 43 17 7 0 0 0 1 1 1 1 3 40 48 49 36 7 4 4 4 1 0 0 0 6 5 0 0 0 0 0 0 0
164 192 196 211 216 208 205 215 219 225 222 227 238 238 223 244 252 260 216 196 186 162 167 174 204 153 161 189 195 167 189 192 181 170 130 153 133 142 137 161 133 141 141 157 182 180 164 156 129 116 143 140 133 121 124 114 108 115 108 85 62 50 46 56 47 22 11 2 0 0 1 1 1 1 1 26 44 48 21 5 4 4 4 4 3 3 3 1 6 0 0 0 0 0 1 0
165 166 201 204 212 204 206 208 217 209 223 232 235 227 214 241 247 263 225 209 179 155 158 173 191 174 138 154 156 149 188 188 171 158 133 117 118 128 118 160 114 120 133 151 206 201 179 161 127 110 109 111 105 94 96 97 98 102 96 85 88 81 78 79 49 35 11 4 0 0 1 1 1 1 1 10 33 42 16 5 4 4 4 4 2 0 0 0 3 0 0 0 0 0 0 0
139 155 180 210 203 189 209 204 193 216 224 223 219 210 207 231 245 266 228 188 162 144 135 145 177 150 125 121 141 131 184 165 141 145 127 116 94 99 108 116 102 124 137 162 222 211 189 177 149 145 136 131 128 106 82 72 66 86 94 91 90 85 84 80 75 53 35 13 3 0 1 1 1 1 1 5 33 21 5 4 5 5 4 4 0 0 0 0 0 0 0 0 0 0 0 0
160 193 209 210 206 193 203 182 211 216 211 223 209 197 216 233 248 262 229 192 180 147 127 136 146 140 122 105 122 121 160 166 159 188 156 119 89 94 89 93 121 154 164 190 236 220 207 191 145 128 129 128 122 108 84 74 65 76 93 94 93 85 80 74 68 64 57 37 7 0 1 1 1 1 1 3 18 8 5 5 4 4 3 0 0 0 0 0 0 0 0 0 0 0 0 0
182 202 196 210 211 173 176 184 193 208 217 213 190 201 223 241 249 257 220 183 157 140 111 116 126 134 117 98 124 170 207 219 208 214 214 146 106 78 85 95 121 142 155 172 243 222 212 201 155 134 118 115 107 102 86 73 61 73 80 83 90 88 82 67 66 64 54 45 14 1 1 1 1 1 1 4 17 3 0 0 0 0 0 0 0 0 0 0 0 0 0 0 0 0 0 0
173 189 192 207 210 188 158 186 210 209 212 184 207 216 221 235 231 227 217 188 171 149 111 102 124 141 111 105 100 128 147 165 160 163 169 156 115 81 78 98 117 155 168 201 245 224 210 193 187 160 125 92 87 97 86 64 50 67 69 69 72 77 75 68 62 60 51 35 8 2 1 1 1 1 1 1 1 1 3 1 1 1 0 0 0 0 0 0 0 0 0 0 0 0 0 0
154 189 168 184 195 186 151 185 196 202 191 171 212 214 206 214 214 240 211 168 147 128 109 97 107 139 117 104 81 100 113 134 118 121 139 107 103 68 73 101 115 130 142 170 245 222 215 205 191 179 142 102 88 74 63 60 50 67 67 65 64 68 66 63 61 57 54 46 14 13 1 1 1 1 1 1 1 1 0 0 0 3 3 0 0 0 0 0 0 0 0 0 0 0 0 0
180 201 152 146 156 197 152 167 175 201 199 164 199 197 199 209 226 245 231 198 151 149 109 98 93 109 123 97 74 82 98 115 90 91 118 87 73 61 73 90 99 142 176 189 241 224 208 194 186 175 154 92 84 80 64 52 56 67 66 65 62 63 63 64 61 58 62 54 30 22 1 1 1 1 1 1 1 1 1 1 1 1 1 1 1 1 1 1 1 0 0 0 0 0 0 0
197 200 170 139 132 167 161 144 182 195 164 166 192 190 202 216 224 231 238 193 161 132 121 104 89 96 110 91 80 68 92 101 73 81 107 107 80 58 70 79 105 125 160 185 225 217 194 190 177 167 139 93 83 77 60 51 63 65 68 67 65 60 60 63 59 55 55 68 57 64 8 1 1 1 1 1 1 1 2 1 1 1 1 1 1 1 1 1 1 1 1 1 2 0 0 0
191 208 193 159 147 118 129 152 169 152 150 185 186 177 186 204 216 227 232 227 189 157 125 125 111 84 71 72 83 60 80 77 63 80 81 81 54 62 79 89 112 163 205 212 204 188 187 171 132 113 97 85 73 61 43 36 65 61 61 63 66 64 62 58 58 57 55 56 61 69 4 1 1 1 1 1 1 1 1 1 1 1 1 1 1 1 1 1 1 1 1 1 1 1 1 1
161 208 181 158 139 112 146 166 137 128 165 198 164 159 157 190 216 212 220 228 195 165 131 120 107 104 74 66 63 59 60 76 60 77 67 60 49 66 100 110 120 166 205 212 209 191 180 175 146 121 109 73 68 59 62 30 51 66 66 60 60 62 66 68 61 54 54 51 49 32 1 1 1 1 1 1 1 1 1 1 1 1 1 1 1 1 1 1 1 1 1 1 1 1 1 1
158 190 183 146 132 105 139 146 121 142 185 195 164 137 154 196 208 206 213 233 225 172 151 133 128 96 83 73 68 60 53 51 52 54 63 52 48 67 99 135 145 166 210 215 200 195 185 170 161 133 116 92 77 76 55 23 60 66 62 60 57 55 55 52 61 56 55 53 17 7 1 1 1 1 1 1 1 1 1 1 1 1 1 1 1 1 1 1 1 1 1 1 1 1 1 1
153 172 204 170 155 103 106 116 103 125 176 173 126 133 146 188 195 187 197 214 219 206 200 186 144 138 112 91 86 85 71 60 52 49 47 42 49 65 80 114 145 192 202 201 175 170 178 160 154 133 113 83 77 71 34 32 56 56 57 60 60 55 58 53 53 62 48 23 13 0 1 1 1 1 1 1 1 1 1 1 1 1 1 1 1 1 1 1 1 1 1 1 1 1 1 1
148 177 191 171 158 111 94 106 107 141 181 138 114 123 138 193 172 186 199 193 197 212 200 194 159 135 111 120 110 100 93 73 70 51 46 41 46 73 91 98 129 157 166 174 168 141 147 151 145 125 98 69 66 60 43 22 47 57 60 52 59 64 57 50 59 51 33 13 0 0 1 1 1 1 1 1 1 1 1 1 2 2 1 1 1 1 1 1 1 1 1 1 1 1 1 1
148 188 181 156 143 115 99 88 110 145 164 157 101 121 135 165 173 197 193 189 203 210 232 217 206 146 146 143 132 125 111 99 89 69 54 40 40 51 65 83 115 126 123 142 132 131 124 129 131 117 89 72 61 44 37 19 42 60 56 50 48 50 50 59 42 31 22 6 0 0 1 1 1 1 1 1 1 1 1 1 4 3 2 2 2 2 2 2 1 1 1 1 1 3 1 1
141 180 198 189 185 145 112 88 83 104 117 133 88 109 127 140 131 179 189 169 198 198 202 204 210 211 195 183 167 139 155 138 100 91 87 39 38 38 67 71 80 116 85 104 99 96 84 88 91 105 110 75 63 59 46 15 17 33 53 41 31 56 57 47 23 19 6 3 0 0 1 1 1 1 1 1 1 1 1 1 1 2 4 2 3 2 2 2 1 2 1 2 1 1 1 1
178 170 213 214 205 165 134 102 82 82 81 89 79 108 129 104 132 164 176 155 191 179 193 187 189 202 208 223 217 199 182 143 139 135 109 53 38 35 35 61 58 77 67 67 70 67 69 88 78 76 91 70 60 59 51 27 9 8 43 33 8 54 55 32 11 9 6 1 0 0 1 1 1 1 1 1 1 1 1 1 1 1 1 1 2 2 1 2 1 1 1 1 1 1 1 1
204 187 204 209 209 164 143 116 99 83 79 77 74 105 131 94 128 168 154 133 151 172 192 178 184 187 189 190 196 203 199 187 161 136 92 65 43 36 34 39 38 48 50 48 49 43 64 60 78 57 70 63 59 61 58 48 25 9 12 19 4 28 21 13 5 6 7 1 0 1 1 1 1 1 1 1 1 1 1 1 1 1 1 2 1 1 1 1 1 1 1 1 1 2 1 1
191 210 209 205 206 149 157 151 120 94 92 79 70 68 67 89 121 128 103 125 161 179 173 176 183 173 174 178 172 163 165 176 171 162 130 84 60 45 35 31 31 30 30 31 29 30 30 32 36 39 36 35 33 45 57 55 34 8 7 4 4 3 2 2 2 2 2 1 1 1 1 1 1 1 1 1 1 1 1 1 1 1 1 1 1 1 1 1 1 1 2 3 2 3 2 3
156 178 214 214 214 196 170 132 109 122 111 91 75 66 66 81 114 94 105 125 162 155 174 170 169 164 175 177 155 168 158 163 162 159 133 90 82 79 44 34 30 27 25 27 24 23 18 20 22 23 22 13 13 15 22 24 9 8 6 5 5 3 3 4 3 3 3 1 1 1 1 1 1 1 1 1 1 1 1 1 1 1 1 1 1 1 1 1 1 1 1 1 1 3 3 3
139 158 199 214 215 189 144 124 146 142 137 95 90 71 65 62 69 69 112 127 122 128 173 165 161 169 176 173 149 136 158 151 152 148 145 141 139 114 100 37 38 32 28 24 22 22 21 19 18 17 9 11 13 13 12 9 7 6 5 4 4 2 4 4 3 1 2 1 1 1 1 1 1 1 1 1 1 1 1 1 1 1 1 1 1 1 1 1 1 1 1 1 1 1 1 1
163 185 212 213 215 180 138 167 177 150 118 96 112 82 73 59 60 61 104 114 80 119 167 162 155 167 166 142 144 121 156 146 147 144 140 139 139 136 95 70 81 55 59 74 29 28 20 19 19 16 15 13 12 12 11 8 7 7 5 5 6 4 4 5 4 1 1 1 1 1 1 1 1 1 1 1 1 1 1 1 1 1 1 1 1 1 1 1 1 1 1 1 1 1 1 1
200 188 209 216 212 171 179 210 202 156 124 126 140 110 92 71 59 55 53 53 80 108 161 131 116 156 153 143 106 104 145 139 141 141 144 134 124 110 118 123 117 116 100 115 104 69 60 39 21 16 16 14 14 13 15 13 13 38 34 5 3 4 3 3 4 1 0 0 1 1 1 1 1 1 1 1 1 1 1 1 1 1 1 1 1 1 1 1 1 1 1 1 1 1 1 1
166 209 216 216 214 179 208 216 202 175 134 140 154 114 128 119 86 65 50 47 70 93 112 94 94 154 133 124 91 92 117 137 144 145 144 141 116 93 115 125 106 123 132 133 109 77 52 37 35 36 47 45 43 41 48 50 46 39 16 3 3 4 4 4 1 3 0 2 2 0 1 1 1 1 1 1 1 1 1 1 1 1 1 1 1 1 1 1 1 1 1 1 1 1 1 1
178 207 217 217 211 205 205 216 212 178 145 176 161 160 148 104 74 82 53 51 47 59 97 72 78 134 141 119 86 80 127 136 139 140 143 134 112 86 106 112 115 103 101 111 122 95 82 69 69 60 57 52 53 51 43 37 25 11 7 3 3 3 4 4 2 0 1 1 1 2 2 2 2 2 2 2 1 1 1 1 1 1 1 1 1 1 1 1 1 1 1 1 1 1 1 1
141 173 217 218 220 208 204 207 213 204 192 193 157 135 119 91 130 121 71 63 50 45 44 49 59 81 124 128 96 60 88 133 115 137 114 134 112 87 68 90 111 67 74 88 116 116 110 94 77 72 62 92 99 99 87 65 43 16 14 4 3 3 3 3 0 1 2 4 1 1 2 2 2 2 3 4 3 5 6 1 1 1 1 1 1 1 1 1 1 1 1 1 1 1 1 1
150 182 198 217 213 212 213 216 216 209 202 203 168 131 148 113 151 134 84 72 75 48 41 40 41 76 101 105 50 53 90 134 102 95 104 136 109 90 69 60 65 59 71 75 105 111 102 102 99 98 96 121 128 126 116 81 58 43 44 13 2 2 1 1 1 2 1 1 2 1 1 1 1 1 3 0 2 1 1 1 2 6 6 1 1 1 1 1 1 1 1 1 1 1 1 1
123 166 216 215 215 214 211 213 213 211 207 203 198 160 128 150 174 141 95 115 81 68 42 36 36 37 68 80 44 67 100 135 102 77 95 113 108 112 93 83 60 43 53 59 88 96 97 86 75 91 97 124 130 125 123 103 79 40 39 9 2 1 2 0 0 0 0 0 1 1 1 1 1 2 1 2 1 1 1 1 1 1 1 2 1 7 3 1 1 1 1 1 1 1 1 1
129 158 195 220 218 216 208 209 212 212 215 203 193 145 162 188 148 126 156 141 140 124 76 45 39 36 34 32 31 42 79 94 103 57 75 107 87 102 114 109 108 57 38 33 52 56 74 62 54 44 65 122 125 119 101 77 51 17 8 3 2 1 0 1 1 1 1 1 0 0 1 1 1 2 1 1 1 1 1 2 4 1 2 3 1 1 0 0 1 1 4 6 4 2 1 1
130 161 172 206 218 218 211 215 208 210 214 208 191 181 200 195 146 161 149 132 121 99 70 44 40 37 32 29 29 29 32 79 105 61 48 96 67 111 115 111 112 74 50 38 30 38 47 38 54 34 51 114 110 104 78 55 43 11 4 3 2 1 0 1 1 1 1 1 1 1 3 2 3 1 1 1 1 1 0 1 1 3 3 3 1 1 1 1 1 1 1 1 1 2 7 4
132 163 212 212 213 219 215 215 216 210 209 216 198 209 219 203 197 180 146 131 111 82 52 43 42 58 35 29 26 26 28 43 86 74 53 52 82 108 113 111 105 65 43 39 26 25 26 36 28 27 40 78 80 73 54 38 27 4 3 2 1 0 0 0 1 1 1 1 1 0 2 4 2 2 2 1 1 1 1 1 1 1 1 3 3 1 1 1 1 1 1 1 1 1 1 1
138 165 174 210 221 221 214 214 217 217 213 193 216 218 219 197 147 153 131 114 109 72 47 53 60 102 84 45 30 29 26 25 39 77 72 42 66 113 115 121 112 84 69 58 43 20 16 13 16 15 20 44 49 47 22 17 5 3 2 2 1 1 1 1 1 1 1 1 1 1 2 2 3 3 2 1 1 1 1 1 1 1 1 1 1 1 1 1 2 2 1 2 2 1 1 1
149 192 176 212 221 220 212 216 218 218 219 217 211 216 216 193 164 131 103 95 85 57 49 71 93 115 98 62 34 25 23 23 20 29 39 43 103 114 104 97 102 96 88 85 53 29 23 17 10 10 11 38 32 25 9 4 4 1 1 1 1 1 1 1 1 1 1 1 1 0 2 2 2 2 2 1 1 1 1 0 1 1 1 1 1 1 2 1 2 1 1 1 1 2 2 2
159 204 189 213 223 220 214 219 219 219 218 211 180 210 211 184 159 151 133 121 78 60 60 75 100 142 122 84 47 42 25 21 21 20 20 52 65 93 62 65 68 73 64 94 65 39 47 46 18 6 9 36 15 10 5 4 0 0 0 0 1 0 0 0 0 1 1 0 0 0 2 2 2 2 2 2 1 1 1 1 1 1 1 1 1 1 2 2 2 2 1 1 1 1 1 2
173 214 206 221 222 221 214 219 220 219 214 207 181 181 214 196 152 114 106 98 78 65 93 116 112 151 130 100 63 47 29 25 18 19 19 17 34 55 41 51 47 45 52 68 72 63 69 55 23 10 7 24 11 7 4 0 0 1 1 1 1 0 0 0 1 1 1 0 0 1 2 2 2 2 2 2 1 1 1 1 2 1 1 1 1 1 2 1 2 1 1 1 1 1 1 1
198 214 215 223 218 221 214 217 221 217 212 220 200 161 187 172 135 117 100 90 66 72 87 134 147 125 80 95 43 38 34 50 28 19 17 15 14 14 18 21 45 28 29 43 77 70 60 31 12 7 8 27 6 3 1 1 1 1 1 1 1 0 1 1 1 1 1 1 4 1 2 2 1 1 1 3 2 2 2 2 2 2 2 1 1 1 1 2 2 2 2 2 3 2 1 2
210 215 215 223 224 221 217 216 221 221 220 222 215 180 167 175 142 134 91 72 67 96 128 132 166 95 90 74 44 43 66 61 43 28 22 17 12 12 13 12 16 11 27 40 46 69 67 34 9 8 7 16 4 4 1 1 0 1 1 1 1 1 1 1 1 1 0 2 2 2 2 2 2 3 1 3 2 2 2 2 2 2 1 2 2 1 1 2 1 2 2 2 2 2 2 2
206 215 218 220 228 224 223 220 220 222 220 221 216 198 150 177 161 118 89 78 76 93 139 169 151 116 95 68 49 68 92 95 76 33 24 20 14 10 9 10 9 10 9 17 24 56 66 31 10 7 5 4 4 3 2 1 0 1 1 1 1 0 0 0 0 0 0 2 1 1 2 2 2 2 2 1 1 2 1 1 1 2 2 2 2 1 1 2 1 1 2 2 2 2 1 1
181 207 205 221 222 225 224 220 223 216 213 215 201 194 153 169 164 124 79 80 99 126 144 173 154 116 98 56 92 122 108 90 47 54 74 33 19 12 10 10 11 11 9 8 10 15 38 23 8 5 4 4 4 1 2 1 1 1 1 1 1 1 0 0 1 1 1 2 2 2 2 1 1 1 1 1 2 2 2 1 1 1 2 2 2 2 2 2 2 2 2 2 2 3 3 3
210 198 218 223 221 223 224 223 226 216 204 193 174 166 133 179 163 129 81 81 117 148 186 177 161 121 87 76 129 147 141 90 68 68 57 54 43 20 16 15 11 7 6 6 8 8 9 13 5 5 5 5 1 3 1 1 1 0 1 1 0 1 0 1 1 0 4 1 1 1 2 1 1 1 1 1 1 3 2 1 1 1 2 2 2 2 1 2 2 2 2 2 2 3 3 3
218 217 216 222 224 225 223 221 223 219 218 211 199 166 129 181 147 118 85 87 145 151 195 168 156 114 86 83 146 164 129 96 116 81 77 82 37 27 22 21 12 8 6 7 9 8 7 6 5 0 3 4 0 0 1 0 0 0 1 1 1 1 0 1 1 1 1 2 2 2 2 1 1 1 1 1 1 1 1 1 1 1 1 1 2 2 2 2 3 2 2 3 3 3 3 3
218 218 222 221 221 222 223 226 222 226 229 224 185 156 119 155 147 112 91 102 140 172 195 171 160 118 86 101 159 157 121 155 126 102 78 48 37 46 36 39 27 11 10 11 5 5 5 4 3 2 3 0 2 1 1 1 1 1 1 1 1 0 1 1 0 0 2 2 2 1 1 1 1 1 1 1 0 1 1 0 1 1 1 1 1 2 2 2 2 1 2 1 2 2 2 2
218 225 223 223 220 221 221 222 220 222 225 222 191 156 123 124 142 131 97 118 164 189 194 179 138 113 89 112 171 158 176 121 96 76 68 47 59 53 80 60 31 15 11 8 6 6 6 5 5 5 5 5 2 2 2 2 1 1 0 0 1 0 1 1 0 0 2 1 1 2 1 1 1 1 1 1 0 1 1 1 1 1 1 2 2 2 2 1 2 3 2 2 2 2 2 2
226 225 221 218 210 217 218 218 222 225 224 220 166 156 129 118 110 105 107 103 137 159 193 179 143 126 99 127 179 171 173 146 104 83 72 69 83 71 76 61 38 22 14 10 7 5 5 5 5 6 6 2 2 2 2 2 1 1 1 2 1 1 1 1 1 1 1 1 1 1 1 2 0 0 1 1 1 0 0 1 1 2 2 2 2 2 1 1 2 2 2 2 2 2 2 2
236 230 228 222 202 225 218 219 221 220 227 226 210 185 176 141 133 128 156 114 122 157 196 192 152 135 110 165 178 177 174 163 120 98 83 116 109 121 100 90 65 58 51 20 9 5 5 5 4 3 5 2 2 2 2 2 2 1 1 1 0 1 1 1 1 1 3 2 2 1 1 1 1 1 1 0 0 1 1 1 1 1 1 1 1 1 1 1 1 1 1 1 1 1 1 2
