Test Date/E121/N25/N25.asc
ncols        1201
nrows        1201
xllcorner    120.999583333333
yllcorner    24.999583333333
cellsize     0.000833333333
NODATA_value -32767
[rows 1100 to 1154 of 1201, columns 1056 to 1151 of 1201]
558 537 538 532 499 448 445 430 394 352 343 357 364 362 336 340 292 282 235 221 214 206 212 180 165 137 177 167 129 109 90 71 52 55 33 29 17 18 12 8 5 0 0 0 0 0 0 0 0 0 0 0 0 0 0 0 0 0 0 0 0 0 0 0 0 0 0 0 0 0 0 0 0 0 0 0 0 0 0 0 0 0 0 0 0 0 0 0 0 0 0 0 0 0 0 0
544 531 507 530 484 451 429 404 387 398 360 375 400 389 378 346 306 284 277 265 269 249 232 227 206 174 195 176 160 122 130 92 83 75 61 52 21 15 11 7 5 0 0 0 0 0 0 0 0 0 0 0 0 0 0 0 0 0 0 0 0 0 0 0 0 0 0 0 0 0 0 0 0 0 0 0 0 0 0 0 0 0 0 0 0 0 0 0 0 0 0 0 0 0 0 0
532 508 482 510 494 461 437 412 423 398 381 406 441 421 381 344 327 319 299 285 267 252 231 206 214 227 195 187 166 148 126 96 85 52 49 46 42 26 10 3 4 0 0 0 0 0 0 0 0 0 0 0 0 0 0 0 0 0 0 0 0 0 0 0 0 0 0 0 0 0 0 0 0 0 0 0 0 0 0 0 0 0 0 0 0 0 0 0 0 0 0 0 0 0 0 0
496 477 465 471 487 483 467 450 442 435 453 429 405 382 358 336 306 297 271 273 250 235 222 198 208 215 222 215 189 174 148 106 98 79 61 37 15 13 11 7 4 4 2 2 0 0 0 0 0 0 0 0 0 0 0 0 0 0 0 0 0 0 0 0 0 0 0 0 0 0 0 0 0 0 0 0 0 0 0 0 0 0 0 0 0 0 0 0 0 0 0 0 0 0 0 0
493 469 443 455 471 479 465 457 453 454 433 417 386 357 333 318 317 305 267 254 240 225 223 201 178 203 212 206 188 182 158 136 129 100 79 54 30 16 11 8 6 3 2 0 0 0 0 0 0 0 0 0 0 0 0 0 0 0 0 0 0 0 0 0 0 0 0 0 0 0 0 0 0 0 0 0 0 0 0 0 0 0 0 0 0 0 0 0 0 0 0 0 0 0 0 0
525 480 435 429 459 465 463 444 447 437 405 356 338 327 309 325 286 287 246 231 232 222 203 198 168 192 204 192 178 180 166 148 138 117 96 58 44 45 37 9 7 3 0 0 0 0 0 0 0 0 0 0 0 0 0 0 0 0 0 0 0 0 0 0 0 0 0 0 0 0 0 0 0 0 0 0 0 0 0 0 0 0 0 0 0 0 0 0 0 0 0 0 0 0 0 0
474 460 418 407 435 439 420 445 452 440 425 409 350 328 311 269 268 251 261 226 206 194 191 178 166 156 167 159 155 153 163 152 152 136 124 94 70 61 40 32 26 4 2 0 0 0 0 0 0 0 0 0 0 0 0 0 0 0 0 0 0 0 0 0 0 0 0 0 0 0 0 0 0 0 0 0 0 0 0 0 0 0 0 0 0 0 0 0 0 0 0 0 0 0 0 0
444 433 408 394 414 423 411 440 426 430 402 387 364 343 329 298 271 237 239 234 214 190 187 181 159 145 165 152 133 131 142 145 148 131 121 97 93 84 46 37 33 7 3 0 0 0 0 0 0 0 0 0 0 0 0 0 0 0 0 0 0 0 0 0 0 0 0 0 0 0 0 0 0 0 0 0 0 0 0 0 0 0 0 0 0 0 0 0 0 0 0 0 0 0 0 0
442 422 392 386 403 404 408 411 418 413 379 348 343 327 309 283 260 243 221 210 221 201 180 166 159 143 146 137 132 116 123 139 130 124 122 101 81 78 49 38 29 6 1 0 0 0 0 0 0 0 0 0 0 0 0 0 0 0 0 0 0 0 0 0 0 0 0 0 0 0 0 0 0 0 0 0 0 0 0 0 0 0 0 0 0 0 0 0 0 0 0 0 0 0 0 0
476 463 402 383 362 373 385 382 395 366 337 316 300 295 300 258 242 235 226 197 196 179 166 155 140 115 118 115 115 113 127 102 111 115 100 85 86 75 45 34 28 5 4 0 0 0 0 0 0 0 0 0 0 0 0 0 0 0 0 0 0 0 0 0 0 0 0 0 0 0 0 0 0 0 0 0 0 0 0 0 0 0 0 0 0 0 0 0 0 0 0 0 0 0 0 0
464 441 395 379 362 351 363 350 352 342 337 321 287 277 266 255 239 214 200 198 179 179 152 147 147 137 111 101 102 85 102 86 83 89 86 80 56 52 35 21 17 1 1 1 3 4 0 0 0 0 0 0 0 0 0 0 0 0 0 0 0 0 0 0 0 0 0 0 0 0 0 0 0 0 0 0 0 0 0 0 0 0 0 0 0 0 0 0 0 0 0 0 0 0 0 0
427 406 388 377 365 334 330 328 325 317 329 310 295 286 268 244 234 224 206 191 169 184 160 145 143 137 107 95 107 88 77 73 67 64 51 56 43 33 25 10 6 6 6 4 8 8 2 0 0 0 0 0 0 0 0 0 0 0 0 0 0 0 0 0 0 0 0 0 0 0 0 0 0 0 0 0 0 0 0 0 0 0 0 0 0 0 0 0 0 0 0 0 0 0 0 0
452 429 390 390 357 337 319 310 307 304 317 296 284 280 263 240 227 216 205 190 169 159 168 154 132 117 119 112 100 95 77 69 66 61 54 32 32 30 11 11 12 9 10 9 41 29 8 6 4 0 0 0 0 0 0 0 0 0 0 0 0 0 0 0 0 0 0 0 0 0 0 0 0 0 0 0 0 0 0 0 0 0 0 0 0 0 0 0 0 0 0 0 0 0 0 0
461 434 410 410 386 359 342 325 303 293 278 275 271 259 249 236 223 213 196 179 166 147 130 126 117 106 101 89 89 80 62 44 38 49 29 20 16 15 51 43 32 37 44 15 67 41 14 9 6 3 0 0 0 0 0 0 0 0 0 0 0 0 0 0 0 0 0 0 0 0 0 0 0 0 0 0 0 0 0 0 0 0 0 0 0 0 0 0 0 0 0 0 0 0 0 0
443 425 390 391 387 360 346 319 298 283 278 269 271 262 238 221 218 212 196 180 166 164 157 153 132 101 95 85 79 72 80 62 57 39 28 65 58 81 63 64 57 53 70 31 55 44 34 32 11 6 3 0 0 0 0 0 0 0 0 0 0 0 0 0 0 0 0 0 0 0 0 0 0 0 0 0 0 0 0 0 0 0 0 0 0 0 0 0 0 0 0 0 0 0 0 0
419 398 379 368 357 354 339 313 297 276 267 260 283 272 246 222 203 192 191 192 179 169 149 146 140 119 99 98 99 92 71 48 37 35 56 80 99 100 87 91 91 72 73 41 90 65 48 40 29 18 10 5 4 1 0 0 0 0 0 0 0 0 0 0 0 0 0 0 0 0 0 0 0 0 0 0 0 0 0 0 0 0 0 0 0 0 0 0 0 0 0 0 0 0 0 0
399 386 361 346 342 322 340 334 304 286 264 249 274 270 250 239 220 209 179 166 158 152 138 135 130 120 111 103 94 85 80 71 39 48 87 118 153 159 114 117 105 76 56 43 95 103 87 61 46 38 38 5 3 0 0 0 0 0 0 0 0 0 0 0 0 0 0 0 0 0 0 0 0 0 0 0 0 0 0 0 0 0 0 0 0 0 0 0 0 0 0 0 0 0 0 0
356 362 346 336 330 301 310 304 290 277 263 242 243 249 257 253 227 210 191 179 158 150 145 138 126 115 108 101 98 94 88 53 40 51 99 120 132 148 124 97 81 66 37 37 93 127 106 98 65 45 28 6 3 0 0 0 0 0 0 0 0 0 0 0 0 0 0 0 0 0 0 0 0 0 0 0 0 0 0 0 0 0 0 0 0 0 0 0 0 0 0 0 0 0 0 0
325 340 328 323 318 303 292 297 290 279 266 250 230 242 240 229 221 207 205 181 158 146 136 129 123 116 109 104 97 92 63 56 45 62 75 132 135 129 134 105 85 63 44 40 79 112 153 125 90 57 36 7 5 0 0 0 0 0 0 0 0 0 0 0 0 0 0 0 0 0 0 0 0 0 0 0 0 0 0 0 0 0 0 0 0 0 0 0 0 0 0 0 0 0 0 0
302 303 318 282 285 292 279 271 261 260 263 258 237 218 212 214 202 191 187 167 156 152 135 132 127 107 106 84 92 79 75 67 47 46 81 108 99 92 101 111 83 70 54 43 76 85 124 129 84 64 43 18 7 5 0 0 0 0 0 0 0 0 0 0 0 0 0 0 0 0 0 0 0 0 0 0 0 0 0 0 0 0 0 0 0 0 0 0 0 0 0 0 0 0 0 0
286 290 315 286 268 276 277 254 237 246 256 242 232 213 198 213 198 195 185 172 167 155 136 128 127 114 107 88 77 73 69 89 65 54 91 107 90 88 107 124 126 76 52 51 68 79 109 104 111 83 55 34 11 8 0 0 0 0 0 0 0 0 0 0 0 0 0 0 0 0 0 0 0 0 0 0 0 0 0 0 0 0 0 0 0 0 0 0 0 0 0 0 0 0 0 0
260 269 308 297 278 243 268 255 237 226 234 216 218 213 197 209 191 187 171 167 165 148 132 124 123 112 108 85 92 94 92 105 87 64 69 97 77 91 106 119 114 88 68 76 54 63 83 83 97 105 75 46 21 19 8 5 0 0 0 0 0 0 0 0 0 0 0 0 0 0 0 0 0 0 0 0 0 0 0 0 0 0 0 0 0 0 0 0 0 0 0 0 0 0 0 0
248 220 261 259 258 228 233 246 237 211 217 212 204 200 197 189 190 183 170 160 155 151 133 130 127 119 106 108 99 113 105 95 87 76 87 98 75 81 88 68 63 99 71 65 80 55 60 81 89 120 139 77 53 45 35 9 6 5 1 0 0 0 0 0 0 0 0 0 0 0 0 0 0 0 0 0 0 0 0 0 0 0 0 0 0 0 0 0 0 0 0 0 0 0 0 0
214 207 249 239 236 211 226 233 233 214 198 200 193 189 177 185 182 177 167 161 148 148 129 124 120 115 106 87 81 85 80 88 82 96 86 96 84 89 70 57 44 91 76 65 82 69 72 81 74 115 130 99 72 52 46 38 33 6 5 0 0 0 0 0 0 0 0 0 0 0 0 0 0 0 0 0 0 0 0 0 0 0 0 0 0 0 0 0 0 0 0 0 0 0 0 0
206 197 217 220 222 207 209 220 217 214 197 190 190 187 172 167 170 164 159 159 157 140 125 119 119 101 107 86 64 67 62 63 54 72 83 106 97 74 49 44 46 75 80 69 84 85 77 70 75 97 113 85 65 64 35 37 37 10 8 6 5 1 0 0 0 0 0 0 0 0 0 0 0 0 0 0 0 0 0 0 0 0 0 0 0 0 0 0 0 0 0 0 0 0 0 0
187 185 193 193 198 204 189 201 200 201 188 182 178 172 165 152 172 157 150 148 148 146 123 119 114 101 93 80 74 51 60 67 44 65 55 88 87 68 41 25 33 61 82 84 104 108 88 81 76 82 95 62 49 43 40 40 37 32 20 8 5 1 0 0 0 0 0 0 0 0 0 0 0 0 0 0 0 0 0 0 0 0 0 0 0 0 0 0 0 0 0 0 0 0 0 0
160 168 166 165 165 173 184 189 188 179 176 168 170 159 155 137 150 142 149 142 142 123 102 86 93 98 76 69 53 50 35 30 55 35 34 46 45 76 40 20 26 49 64 62 80 67 93 104 87 79 70 34 27 42 43 41 38 12 10 6 3 1 0 0 0 0 0 0 0 0 0 0 0 0 0 0 0 0 0 0 0 0 0 0 0 0 0 0 0 0 0 0 0 0 0 0
151 155 148 148 149 154 180 181 177 171 168 160 166 167 164 135 127 128 143 138 134 120 87 75 73 76 69 52 33 28 25 42 41 34 27 28 34 51 35 17 21 52 47 49 43 59 59 71 78 55 71 48 23 15 36 33 29 15 15 12 8 2 0 0 0 0 0 0 0 0 0 0 0 0 0 0 0 0 0 0 0 0 0 0 0 0 0 0 0 0 0 0 0 0 0 0
153 131 141 135 128 135 162 171 170 162 162 159 154 157 159 136 126 117 132 136 112 122 101 93 86 55 51 38 56 53 33 18 18 17 20 22 21 22 23 19 30 64 52 23 37 42 40 51 57 45 60 34 22 25 7 15 14 8 4 2 1 1 0 0 0 0 0 0 0 0 0 0 0 0 0 0 0 0 0 0 0 0 0 0 0 0 0 0 0 0 0 0 0 0 0 0
112 112 138 153 130 117 135 149 161 148 156 156 151 148 143 145 125 107 124 117 102 97 102 108 99 78 68 51 35 37 22 16 18 15 16 14 14 11 42 52 45 44 25 28 15 25 56 30 37 23 27 19 10 9 5 0 0 0 0 0 0 0 0 0 0 0 0 0 0 0 0 0 0 0 0 0 0 0 0 0 0 0 0 0 0 0 0 0 0 0 0 0 0 0 0 0
98 104 128 151 129 110 111 128 134 142 147 148 152 146 140 135 124 103 115 117 113 88 99 112 117 82 60 57 41 32 21 20 20 22 22 14 12 12 23 31 21 21 20 30 11 14 24 21 38 34 28 11 8 6 3 1 0 0 0 0 0 0 0 0 0 0 0 0 0 0 0 0 0 0 0 0 0 0 0 0 0 0 0 0 0 0 0 0 0 0 0 0 0 0 0 0
90 94 118 143 135 121 103 104 110 139 146 147 141 144 137 133 120 97 108 104 111 100 83 105 111 87 69 79 46 31 25 29 41 48 27 15 12 11 18 16 15 24 9 9 9 19 29 43 37 34 35 11 6 5 3 0 0 0 0 0 0 0 0 0 0 0 0 0 0 0 0 0 0 0 0 0 0 0 0 0 0 0 0 0 0 0 0 0 0 0 0 0 0 0 0 0
77 81 107 114 133 131 115 94 102 126 135 143 111 113 110 105 93 91 80 77 75 84 68 93 100 111 77 58 31 30 29 27 56 44 41 37 31 10 10 10 11 13 8 6 12 34 51 38 38 21 18 7 6 5 2 3 1 3 1 0 0 0 0 0 0 0 0 0 0 0 0 0 0 0 0 0 0 0 0 0 0 0 0 0 0 0 0 0 0 0 0 0 0 0 0 0
71 72 83 90 116 125 121 106 89 107 115 139 110 104 103 104 117 110 104 92 76 67 65 83 91 104 92 60 38 36 38 27 55 57 53 22 16 17 10 10 9 12 10 7 8 26 32 36 29 16 39 31 11 10 9 7 5 5 5 3 0 0 0 0 0 0 0 0 0 0 0 0 0 0 0 0 0 0 0 0 0 0 0 0 0 0 0 0 0 0 0 0 0 0 0 0
69 69 76 78 89 105 106 89 85 120 137 156 128 129 141 116 96 90 69 82 76 81 59 69 82 83 75 82 55 54 45 28 33 53 33 34 22 40 13 10 9 8 7 6 6 8 10 12 10 18 26 32 25 10 11 7 7 5 5 4 2 0 0 0 0 0 0 0 0 0 0 0 0 0 0 0 0 0 0 0 0 0 0 0 0 0 0 0 0 0 0 0 0 0 0 0
61 64 67 68 73 77 77 85 110 117 122 138 168 155 135 120 97 73 64 76 88 80 56 54 55 52 52 51 37 38 37 31 29 66 73 48 60 56 29 28 9 11 8 6 6 4 8 9 8 8 8 10 11 9 8 7 5 4 3 3 2 0 0 0 0 0 0 0 0 0 0 0 0 0 0 0 0 0 0 0 0 0 0 0 0 0 0 0 0 0 0 0 0 0 0 0
58 64 88 73 77 75 84 119 144 151 144 163 176 176 132 112 100 82 69 76 98 95 69 63 47 47 42 39 41 40 37 37 60 66 79 67 77 58 52 48 33 7 6 8 5 5 6 9 8 8 7 8 8 8 7 6 5 3 3 2 0 0 0 0 0 0 0 0 0 0 0 0 0 0 0 0 0 0 0 0 0 0 0 0 0 0 0 0 0 0 0 0 0 0 0 0
89 65 80 97 110 103 94 110 116 131 149 156 170 145 149 120 115 74 75 98 114 116 94 79 74 62 46 45 43 39 42 72 97 87 115 101 60 35 41 35 27 12 9 8 7 6 7 7 7 4 5 7 6 7 8 7 4 3 2 1 0 0 0 0 0 0 0 0 0 0 0 0 0 0 0 0 0 0 0 0 0 0 0 0 0 0 0 0 0 0 0 0 0 0 0 0
93 66 69 88 113 122 125 100 121 134 140 157 145 128 116 101 91 72 69 79 81 100 102 83 71 70 64 59 39 47 58 66 85 118 116 78 68 70 32 22 34 21 14 19 27 25 19 9 4 7 4 7 7 6 6 6 4 3 1 0 0 0 0 0 0 0 0 0 0 0 0 0 0 0 0 0 0 0 0 0 0 0 0 0 0 0 0 0 0 0 0 0 0 0 0 0
92 84 79 110 130 140 159 125 112 127 141 150 117 113 109 80 76 98 81 88 75 98 112 99 88 68 66 61 42 61 73 115 141 163 124 103 89 100 38 52 48 42 39 42 34 21 14 10 10 9 7 6 6 2 2 3 5 2 0 0 0 0 0 0 0 0 0 0 0 0 0 0 0 0 0 0 0 0 0 0 0 0 0 0 0 0 0 0 0 0 0 0 0 0 0 0
90 102 79 114 140 190 200 170 131 130 143 151 111 99 83 78 100 92 107 83 77 105 102 83 72 79 79 70 45 73 80 99 133 146 135 120 115 100 65 59 59 54 50 41 23 8 5 6 6 6 6 5 4 2 1 2 3 2 1 1 0 0 0 0 0 0 0 0 0 0 0 0 0 0 0 0 0 0 0 0 0 0 0 0 0 0 0 0 0 0 0 0 0 0 0 0
132 129 100 92 131 165 164 165 133 148 141 138 106 115 105 82 104 110 113 95 83 83 105 88 99 108 99 81 46 57 55 82 110 133 150 140 128 112 88 76 71 60 49 34 17 4 0 0 0 1 2 3 2 2 1 1 2 2 2 1 0 0 0 0 0 0 0 0 0 0 0 0 0 0 0 0 0 0 0 0 0 0 0 0 0 0 0 0 0 0 0 0 0 0 0 0
142 157 145 112 113 120 125 143 157 170 179 186 148 162 115 99 101 124 124 113 106 103 111 117 106 119 82 65 53 83 107 97 103 96 174 165 153 139 117 101 93 66 45 23 8 23 20 18 12 11 0 0 1 2 2 2 1 1 2 2 1 1 0 0 0 0 0 0 0 0 0 0 0 0 0 0 0 0 0 0 0 0 0 0 0 0 0 0 0 0 0 0 0 0 0 0
150 150 148 128 122 119 144 136 174 198 228 231 164 140 119 129 113 108 144 122 122 100 111 132 126 103 89 64 54 103 140 138 177 164 136 175 137 142 157 137 150 125 93 72 51 34 44 19 10 10 10 2 5 7 6 4 6 6 0 0 0 0 0 0 0 0 0 0 0 0 0 0 0 0 0 0 0 0 0 0 0 0 0 0 0 0 0 0 0 0 0 0 0 0 0 0
119 117 115 142 123 141 140 168 166 214 202 189 152 134 158 153 126 102 136 112 98 113 121 126 141 101 59 91 68 111 128 179 199 204 164 154 156 164 158 141 131 135 111 85 49 45 39 44 19 7 10 10 10 9 7 4 3 5 0 0 0 0 0 0 0 0 0 0 0 0 0 0 0 0 0 0 0 0 0 0 0 0 0 0 0 0 0 0 0 0 0 0 0 0 0 0
88 94 92 128 158 153 162 189 203 214 185 171 181 197 141 133 136 110 120 142 152 140 152 146 122 94 65 115 100 98 114 153 173 184 177 153 137 137 124 136 125 100 104 86 80 67 49 36 30 13 12 11 11 10 9 7 5 3 1 0 0 0 0 0 0 0 0 0 0 0 0 0 0 0 0 0 0 0 0 0 0 0 0 0 0 0 0 0 0 0 0 0 0 0 0 0
73 75 105 111 127 161 173 176 196 221 193 197 214 188 155 158 164 137 155 142 170 175 136 126 123 90 87 110 132 97 109 135 138 176 183 168 149 109 112 122 117 84 80 79 63 64 57 52 36 36 17 10 1 1 1 0 0 0 0 0 0 0 0 0 0 0 0 0 0 0 0 0 0 0 0 0 0 0 0 0 0 0 0 0 0 0 0 0 0 0 0 0 0 0 0 0
105 111 90 119 122 130 142 170 196 209 222 228 254 205 176 197 180 157 145 175 181 182 137 114 93 78 81 94 135 142 119 131 182 155 161 183 144 116 93 104 92 85 66 50 44 48 52 50 37 36 33 11 11 11 12 12 9 5 2 0 0 0 0 0 0 0 0 0 0 0 0 0 0 0 0 0 0 0 0 0 0 0 0 0 0 0 0 0 0 0 0 0 0 0 0 0
107 136 143 132 166 169 168 168 165 175 206 221 231 229 225 194 183 173 180 223 242 229 149 123 93 129 116 106 142 171 147 167 158 163 163 164 131 106 110 84 69 56 50 38 45 40 31 25 24 22 22 12 7 6 7 7 8 4 0 0 0 0 0 0 0 0 0 0 0 0 0 0 0 0 0 0 0 0 0 0 0 0 0 0 0 0 0 0 0 0 0 0 0 0 0 0
146 149 178 166 167 129 134 137 150 174 203 221 271 275 266 231 212 176 175 218 238 217 165 123 114 141 123 107 144 168 148 170 167 185 176 164 139 118 110 82 82 94 69 60 53 52 38 34 25 13 12 10 7 5 9 9 6 1 0 0 0 0 0 0 0 0 0 0 0 0 0 0 0 0 0 0 0 0 0 0 0 0 0 0 0 0 0 0 0 0 0 0 0 0 0 0
122 143 173 145 135 117 140 137 156 202 229 242 295 267 262 239 218 205 209 232 238 216 161 132 133 163 153 120 132 158 166 183 198 216 192 156 139 148 113 108 106 118 94 60 54 41 43 41 30 17 12 8 7 5 7 6 7 3 0 0 0 0 0 0 0 0 0 0 0 0 0 0 0 0 0 0 0 0 0 0 0 0 0 0 0 0 0 0 0 0 0 0 0 0 0 0
136 137 137 127 109 126 135 167 199 239 256 263 263 240 235 237 243 246 256 261 216 207 159 127 147 170 169 137 136 161 185 170 176 179 203 179 179 170 148 127 133 114 86 75 54 54 50 53 44 31 39 11 9 7 7 3 6 2 1 0 0 0 0 0 0 0 0 0 0 0 0 0 0 0 0 0 0 0 0 0 0 0 0 0 0 0 0 0 0 0 0 0 0 0 0 0
89 103 104 90 109 153 154 167 178 214 217 233 230 206 183 194 204 234 233 246 252 228 164 188 185 185 173 173 186 157 157 136 155 150 167 183 188 158 134 158 130 130 108 85 68 63 56 46 36 27 20 11 11 8 7 7 3 6 3 0 0 0 0 0 0 0 0 0 0 0 0 0 0 0 0 0 0 0 0 0 0 0 0 0 0 0 0 0 0 0 0 0 0 0 0 0
88 80 97 98 111 125 123 136 167 194 207 215 205 172 162 181 206 212 212 230 224 207 218 228 218 200 209 198 186 160 132 133 149 132 156 175 180 162 139 114 122 106 119 86 59 60 64 54 44 41 37 11 10 8 10 6 2 6 7 1 0 0 0 0 0 0 0 0 0 0 0 0 0 0 0 0 0 0 0 0 0 0 0 0 0 0 0 0 0 0 0 0 0 0 0 0
106 102 112 113 125 127 143 168 187 202 229 221 213 170 141 187 198 194 194 209 192 186 197 230 197 175 189 179 175 150 136 135 146 121 145 178 169 162 140 120 101 103 126 108 73 60 49 40 30 33 34 11 11 10 8 6 3 1 2 7 2 0 0 0 0 0 0 0 0 0 0 0 0 0 0 0 0 0 0 0 0 0 0 0 0 0 0 0 0 0 0 0 0 0 0 0
