Test Date/E121/N25/N25.asc
ncols        1201
nrows        1201
xllcorner    120.999583333333
yllcorner    24.999583333333
cellsize     0.000833333333
NODATA_value -32767
[rows 1045 to 1099 of 1201, columns 768 to 863 of 1201]
304 311 271 239 218 211 205 184 168 144 180 216 228 210 201 206 198 169 155 138 207 231 283 254 291 289 279 264 259 253 247 257 226 193 171 163 131 135 167 176 167 141 127 106 87 74 84 93 108 143 171 201 213 193 184 165 137 112 97 110 108 112 138 118 108 87 68 67 88 73 81 124 152 140 105 85 86 102 97 109 114 112 74 65 69 81 107 81 80 77 78 73 45 42 40 43
267 281 297 270 259 262 251 195 164 146 184 218 211 198 192 209 182 162 137 134 181 212 260 289 282 274 263 246 235 236 232 235 235 197 182 170 171 169 203 215 186 181 165 110 102 72 69 96 133 159 196 213 214 179 170 160 144 151 138 123 131 146 139 122 116 99 76 64 74 65 81 117 141 146 140 116 120 127 121 102 84 74 65 64 65 110 107 95 80 76 62 55 52 52 52 26
260 242 278 282 283 256 245 212 187 155 150 190 200 182 183 169 171 151 118 118 172 246 287 264 250 247 238 227 210 207 207 214 234 224 218 206 212 227 211 195 183 169 159 140 114 105 58 100 128 145 163 203 223 215 206 190 167 155 153 164 186 178 156 143 136 136 110 84 64 64 98 114 111 121 132 140 127 112 102 105 94 63 65 75 66 103 93 79 79 71 66 70 70 68 52 23
253 243 249 269 291 260 237 221 248 215 142 153 166 150 143 146 136 136 112 126 208 222 250 249 234 232 219 204 199 189 203 194 212 230 244 237 232 214 198 176 166 156 151 148 129 117 61 72 102 126 152 182 218 248 234 201 198 178 203 197 188 171 154 140 133 116 98 85 74 57 62 99 92 105 114 147 114 98 87 88 76 63 65 68 95 116 88 78 78 72 70 68 56 52 50 21
227 222 234 252 294 265 266 276 266 238 147 124 138 120 121 110 105 118 100 114 180 200 218 234 214 213 200 182 184 165 177 174 180 222 273 269 255 233 198 169 162 151 143 132 122 111 74 62 78 110 149 163 181 208 240 245 232 208 220 205 185 171 150 135 127 111 100 98 90 60 48 89 80 89 101 138 126 110 82 71 66 63 92 82 99 103 91 79 79 79 88 71 59 46 28 23
209 211 219 238 282 320 316 304 252 211 160 150 133 116 110 105 96 83 92 97 173 187 194 225 209 202 191 170 155 143 165 158 164 207 263 260 242 219 202 191 165 160 137 107 103 109 79 60 62 94 138 139 156 182 198 250 240 241 242 208 195 189 161 156 163 159 142 105 94 86 56 57 62 78 99 139 120 107 94 71 63 63 87 98 125 90 79 83 80 86 106 71 63 52 24 22
191 196 203 213 275 325 300 272 250 274 273 268 268 237 212 201 181 167 127 82 87 115 191 211 190 186 172 156 142 127 133 130 145 192 208 225 232 210 186 169 151 138 123 94 88 79 63 53 63 78 108 120 128 175 207 231 218 210 216 229 245 221 200 178 173 156 130 112 102 75 73 63 43 83 107 149 115 91 79 69 93 96 98 117 135 112 112 113 113 109 102 98 94 82 52 25
176 186 186 215 247 292 299 293 312 275 324 304 290 274 253 242 240 187 167 121 76 130 185 200 182 173 162 142 131 122 105 113 147 164 183 195 209 224 203 179 154 139 133 122 109 101 80 55 50 68 77 102 120 208 228 217 199 197 191 192 232 217 191 169 163 147 132 116 94 81 67 47 49 87 97 139 100 122 87 99 94 134 131 150 158 137 142 109 97 96 87 76 79 74 57 45
155 164 179 197 260 308 300 324 343 305 331 328 313 265 230 201 195 204 178 123 78 116 193 204 177 161 149 134 122 116 98 95 133 140 162 171 200 230 218 199 181 169 146 114 96 85 65 57 50 56 77 105 136 225 220 214 187 177 162 167 197 189 178 163 154 138 109 103 89 72 56 42 50 67 76 134 108 142 104 132 94 124 135 160 151 135 125 98 94 85 86 63 53 47 34 59
150 138 162 203 271 297 324 346 321 313 307 300 295 256 222 199 185 143 129 123 64 84 142 170 185 160 148 126 108 108 88 96 115 114 144 168 201 237 238 223 207 188 174 139 123 111 89 77 65 48 64 90 112 149 198 192 172 157 137 139 136 133 172 155 145 124 96 79 65 57 42 42 71 99 118 173 168 160 155 163 156 162 152 126 116 111 118 120 81 79 73 71 54 63 71 61
163 142 142 196 259 278 311 332 307 297 290 286 285 262 234 209 198 158 138 109 59 70 111 151 149 161 149 119 107 94 71 80 86 122 143 164 203 239 231 215 201 188 177 146 133 130 117 96 80 53 52 90 121 140 172 173 167 149 132 119 110 104 138 144 147 134 102 90 71 50 42 49 69 80 85 149 159 148 179 157 146 128 146 115 100 81 105 109 114 109 72 55 71 97 90 62
145 136 135 178 222 260 291 316 293 282 270 274 270 254 235 220 211 196 160 137 79 65 75 136 125 149 147 121 90 81 66 111 128 153 177 173 209 241 222 206 192 171 163 149 141 133 97 86 72 42 62 102 176 182 166 159 148 153 144 116 102 95 116 131 128 138 120 103 91 75 43 43 60 97 113 141 136 122 123 140 120 113 106 139 142 79 92 92 125 125 94 82 107 107 78 57
121 117 139 187 246 278 290 288 269 256 242 241 230 220 213 196 194 173 163 141 115 91 59 92 99 105 120 107 80 65 93 88 111 148 171 196 231 242 222 198 175 162 154 134 118 110 84 72 69 62 77 128 190 169 155 147 126 116 115 136 115 85 56 86 102 98 113 98 82 69 55 40 117 125 120 118 164 143 92 132 123 103 63 91 88 74 59 89 91 98 102 104 85 81 78 51
109 115 160 209 250 260 276 276 263 236 218 220 213 213 202 177 167 159 154 131 103 95 74 69 86 93 111 107 81 57 101 123 131 147 166 190 225 254 231 207 186 205 191 138 120 117 90 73 56 55 76 128 166 161 146 138 115 101 97 113 122 100 51 64 88 82 80 92 82 68 54 39 86 112 105 93 119 142 131 91 117 126 81 57 63 96 63 85 79 70 88 113 72 65 57 66
99 121 176 189 231 245 259 265 242 229 196 191 194 178 181 166 159 141 144 113 99 92 71 59 71 76 82 106 71 57 126 157 169 173 181 194 209 225 252 243 226 218 203 145 122 118 89 66 55 51 67 90 109 150 136 127 107 93 84 77 81 109 68 34 61 56 50 61 69 58 50 42 67 100 93 75 94 98 120 87 72 78 95 49 68 93 73 55 76 76 83 100 69 56 64 78
104 141 157 173 207 228 247 262 232 195 177 168 155 152 140 139 138 119 125 97 73 66 55 55 46 44 38 81 65 40 115 151 146 140 154 158 176 192 231 292 279 250 198 176 158 149 112 77 57 55 85 143 133 160 184 169 125 95 76 65 64 63 50 29 54 61 36 40 49 39 39 37 41 45 61 55 61 96 121 118 104 74 53 47 43 44 64 88 114 110 91 100 84 85 84 52
99 141 150 163 192 215 257 265 228 212 165 148 153 140 121 117 121 112 94 81 76 85 102 127 97 79 65 38 51 35 97 123 137 128 128 139 154 179 211 285 275 252 227 218 197 168 120 85 60 45 76 127 118 136 168 180 158 140 126 63 49 51 33 36 73 92 53 34 38 46 87 75 79 71 57 90 80 106 129 134 96 110 85 65 44 53 75 83 98 92 109 131 125 117 104 68
83 124 147 147 196 227 244 251 217 201 182 175 134 136 115 81 93 90 80 64 121 142 148 142 125 102 97 55 32 27 74 102 126 104 106 119 146 180 228 274 258 242 217 188 187 181 144 113 78 37 44 94 98 111 128 144 143 122 115 61 41 32 31 37 75 96 92 61 47 87 104 75 103 123 56 112 135 114 143 124 106 95 75 57 74 34 43 66 60 68 96 134 109 101 92 75
82 110 124 127 195 210 233 244 222 200 168 160 150 112 110 98 82 72 94 124 130 144 189 179 147 140 121 78 60 38 73 74 74 81 98 130 145 167 231 279 258 248 234 194 178 150 135 129 110 50 44 55 77 84 98 120 119 101 94 62 41 34 49 56 96 135 104 60 50 129 150 109 128 127 80 84 103 142 145 115 98 79 61 75 85 72 36 40 67 73 110 157 107 72 63 97
75 95 89 138 161 197 216 228 225 205 165 162 142 109 92 96 98 120 145 153 165 184 206 184 145 128 117 82 62 46 43 49 98 106 133 149 169 205 257 260 240 247 243 203 182 162 139 123 99 79 69 47 35 46 46 50 88 74 61 39 30 30 93 130 138 145 121 89 72 84 111 162 134 105 89 75 80 103 140 127 111 96 118 139 149 106 69 37 77 108 139 131 82 66 61 51
108 61 71 106 173 185 200 209 220 204 164 147 139 108 96 122 140 136 166 180 180 193 201 167 155 123 112 84 65 44 42 56 101 120 132 154 184 249 263 247 223 236 262 198 181 160 139 123 106 94 83 70 44 30 22 22 64 54 38 26 24 42 90 123 118 134 136 108 152 71 101 134 122 98 87 103 111 122 158 160 152 137 144 137 129 97 64 37 75 74 97 103 74 75 70 35
105 62 58 117 154 167 175 192 194 199 178 145 131 129 118 120 160 160 178 209 205 198 188 163 138 123 121 105 75 42 34 63 76 98 116 149 166 221 237 234 203 213 256 223 191 164 142 135 137 149 125 110 79 50 75 54 43 27 20 26 38 45 84 99 98 108 163 165 146 94 88 111 133 111 100 107 142 151 181 161 162 151 115 107 103 90 49 30 48 71 122 129 110 72 69 49
87 57 49 102 104 133 139 140 148 156 184 176 178 176 148 138 167 209 193 191 184 184 172 139 125 111 99 85 86 70 27 48 52 78 95 123 147 193 203 196 174 183 200 223 209 194 194 201 196 174 166 151 134 108 71 47 18 20 22 15 20 23 27 52 77 98 124 123 130 112 123 125 157 160 124 130 151 170 145 133 126 110 103 106 85 46 43 30 76 82 113 101 95 65 54 48
77 60 46 80 93 112 114 119 128 141 176 208 208 183 153 159 188 178 176 170 164 164 164 146 122 98 80 66 60 55 23 36 61 108 122 130 165 208 191 169 155 161 168 196 209 224 209 187 172 152 144 129 114 93 77 52 25 24 22 19 21 17 26 63 131 127 100 104 101 135 159 157 174 171 142 146 188 146 125 97 105 102 67 86 111 79 65 29 43 49 113 76 61 63 62 40
58 48 39 58 72 88 95 107 115 130 162 193 199 184 172 188 178 168 164 158 148 145 152 141 125 103 79 63 44 36 24 23 48 101 120 148 201 178 162 142 130 143 143 170 183 202 185 165 151 127 118 111 93 75 56 45 29 23 24 21 19 22 20 66 110 100 72 75 79 129 148 214 193 187 196 179 162 142 115 89 86 92 51 61 74 65 44 26 67 86 97 74 53 37 37 52
60 40 40 39 53 60 75 87 110 145 181 197 208 195 181 153 152 143 135 129 103 120 121 121 133 127 106 85 57 38 26 23 31 69 97 134 160 172 138 119 105 98 147 137 163 172 171 152 134 103 79 84 98 74 70 42 26 72 90 79 62 43 13 68 76 77 43 63 88 120 141 177 152 138 151 152 129 115 86 82 91 53 35 31 33 23 31 26 46 69 72 46 36 36 36 36
89 67 54 40 40 46 56 80 131 161 158 183 196 216 193 164 138 127 119 108 86 94 91 89 115 122 123 92 69 56 28 19 42 84 99 129 159 149 119 104 91 93 131 122 129 152 182 160 137 99 78 66 74 57 50 30 45 75 116 132 116 71 14 64 60 58 56 87 108 158 176 148 126 114 141 167 127 93 82 49 69 51 70 49 42 35 23 45 63 66 88 43 38 37 36 53
101 86 71 44 39 41 52 78 111 116 146 169 186 229 202 170 154 136 111 92 77 65 71 81 98 105 106 80 73 51 17 25 70 136 139 147 135 112 96 82 127 125 105 127 153 159 209 177 132 89 73 69 53 38 37 50 49 91 134 96 90 57 20 43 53 26 77 88 77 152 145 111 98 93 145 168 151 119 91 86 59 66 82 77 78 62 19 37 88 104 102 91 84 40 36 55
146 112 99 65 39 39 37 44 75 140 129 293 166 214 238 207 174 147 122 111 85 62 56 57 65 79 75 98 58 32 32 57 113 129 160 145 127 95 76 111 172 160 135 147 200 188 173 152 142 115 98 99 87 47 77 79 50 103 120 89 56 55 21 19 28 39 30 47 39 116 115 81 86 127 139 127 151 130 107 88 109 102 88 87 56 25 19 46 65 90 111 98 90 64 32 30
149 115 106 75 42 40 36 45 67 90 133 147 159 201 267 232 188 164 146 133 98 85 78 63 50 45 62 76 75 49 33 53 90 114 135 125 112 88 74 112 160 173 154 165 181 168 150 136 110 91 75 72 67 53 87 124 60 86 96 68 53 40 17 12 18 17 10 9 24 93 97 69 80 116 108 117 118 112 88 60 82 92 100 74 49 26 14 28 58 97 95 77 60 69 33 31
133 110 101 79 44 37 66 70 90 112 150 171 183 206 244 230 221 225 206 172 143 112 110 100 81 54 42 55 76 56 20 70 73 92 111 104 81 71 93 131 176 204 192 183 164 144 124 103 91 75 52 60 36 72 105 104 79 76 96 52 31 34 49 33 21 18 18 11 31 110 81 44 58 79 72 87 125 91 82 53 50 62 90 73 49 55 40 19 43 86 85 94 33 38 56 31
133 102 88 74 43 54 100 93 113 120 158 226 250 255 244 201 186 194 184 196 182 141 141 98 71 59 69 33 32 41 16 46 47 67 89 84 63 59 84 126 156 155 175 177 162 140 115 93 70 55 48 42 59 81 100 115 84 93 118 53 63 70 80 56 37 19 15 21 57 81 73 44 33 56 87 117 103 95 130 75 56 43 76 68 71 40 53 18 57 87 68 75 56 34 53 41
118 91 65 64 31 58 78 101 133 160 239 247 240 225 216 207 190 150 160 139 135 119 117 119 110 106 99 68 61 56 27 20 30 35 40 67 55 88 119 137 120 120 142 133 160 179 149 150 105 75 80 87 77 69 93 117 123 108 106 60 99 119 115 91 65 47 9 20 41 69 56 17 82 72 93 112 91 55 69 89 78 52 37 38 31 22 21 13 49 31 29 28 27 28 30 19
106 98 49 47 27 64 72 98 123 165 235 225 218 198 192 179 176 138 120 106 104 96 101 136 118 103 89 69 63 66 49 19 13 33 37 36 47 96 95 123 87 97 117 114 139 160 154 133 109 89 90 94 75 71 90 91 115 142 135 96 123 144 141 115 73 41 23 12 15 39 18 21 39 42 72 111 87 64 36 56 77 52 26 25 29 43 30 27 30 20 20 19 19 19 19 20
70 68 56 35 45 55 71 96 124 210 214 211 206 182 164 151 155 139 121 104 76 78 91 120 108 90 68 49 38 41 62 24 15 60 74 62 83 88 70 107 65 75 80 102 113 111 136 133 111 116 114 101 79 53 58 77 96 132 148 151 147 143 101 87 70 37 24 35 23 13 4 4 25 47 69 112 98 76 53 37 59 85 62 42 30 22 17 18 13 7 8 8 19 18 9 21
60 64 37 24 27 46 73 109 188 186 180 166 167 163 144 140 117 121 134 116 77 64 62 88 82 67 43 60 75 50 22 16 14 61 75 100 101 62 42 79 48 67 63 75 81 87 105 96 102 116 97 93 68 103 88 97 92 107 147 142 131 120 92 70 57 55 84 69 61 30 18 16 13 20 85 70 101 92 71 42 24 33 30 22 8 6 12 18 19 19 19 20 19 16 21 21
58 45 27 17 25 50 77 147 164 154 155 146 186 168 141 116 102 99 108 93 71 96 90 68 61 53 74 104 83 60 50 21 14 40 55 112 82 66 35 44 35 42 50 75 61 93 95 62 65 129 111 92 69 111 97 138 134 142 157 133 107 101 90 84 97 82 64 50 30 31 31 27 14 34 60 48 87 82 65 37 25 25 12 6 18 19 19 19 19 20 20 21 22 21 36 45
58 41 20 7 29 53 117 144 135 126 123 144 181 179 146 131 118 119 88 86 120 102 86 75 106 94 71 99 93 74 41 16 11 70 82 77 58 37 24 39 51 38 63 47 80 112 94 61 60 104 131 125 100 112 131 171 165 145 126 148 137 126 96 89 71 51 45 31 42 54 27 26 5 44 32 58 61 49 45 28 27 16 12 16 19 20 20 20 21 21 21 21 21 27 40 30
77 38 22 9 28 60 104 87 92 93 105 146 135 135 133 170 145 116 109 141 114 92 81 119 143 101 103 122 112 98 33 15 57 66 72 46 31 24 67 89 71 59 72 44 67 98 104 74 61 90 94 113 111 165 148 124 108 101 82 110 91 81 111 78 58 63 90 82 66 26 17 19 7 9 5 12 20 33 40 23 7 6 14 19 20 21 21 21 21 21 21 21 27 27 27 27
113 70 37 26 10 35 69 57 54 70 105 129 113 99 127 135 140 133 120 169 106 95 87 105 148 128 111 91 82 61 42 17 42 45 62 39 43 69 75 86 78 94 94 53 61 93 112 83 68 57 95 90 100 135 115 113 80 72 59 89 66 53 78 99 97 74 57 88 85 17 12 4 14 11 11 8 5 17 20 21 15 18 8 17 20 20 20 20 20 20 20 25 24 24 24 37
89 94 77 69 24 14 45 36 45 64 123 116 88 80 96 111 131 142 150 154 114 108 104 112 126 122 103 76 48 55 30 15 20 28 39 27 28 54 65 76 83 114 109 57 63 74 115 116 93 56 66 78 87 122 86 93 102 66 49 57 37 45 71 85 108 74 47 67 78 14 3 15 17 16 18 10 9 19 20 20 20 20 11 6 18 19 19 19 19 24 25 25 25 25 23 23
78 110 115 93 39 15 9 34 50 83 113 106 89 59 77 76 89 96 114 149 133 115 97 128 119 97 77 86 62 46 45 39 39 34 13 22 25 26 31 38 62 103 111 75 89 109 128 116 78 70 56 52 59 95 63 58 84 61 49 40 35 33 27 45 105 79 60 23 31 4 15 17 15 16 18 18 8 11 19 19 20 20 18 9 11 18 15 17 23 25 25 25 19 23 23 24
70 73 79 82 41 14 12 45 59 106 86 79 65 42 58 49 58 98 117 151 127 104 145 139 113 91 71 53 49 31 61 87 76 55 19 13 26 25 41 64 81 126 107 98 86 117 137 115 117 109 96 58 42 80 48 31 68 86 68 58 61 52 30 48 81 75 46 27 19 8 16 16 16 19 34 38 17 11 18 19 19 19 18 10 10 18 18 21 24 24 24 23 18 18 19 43
39 65 59 42 17 13 26 77 73 78 62 52 60 31 40 51 101 121 132 150 139 148 126 121 101 76 64 36 40 64 63 76 66 58 36 9 43 57 26 70 95 118 98 125 90 147 149 137 115 89 72 40 38 53 37 32 38 62 85 97 94 96 26 30 50 44 25 12 19 10 15 15 17 34 50 51 31 6 13 20 20 20 20 7 11 18 23 24 24 24 15 15 17 20 31 41
25 48 59 45 14 7 39 80 81 79 45 33 43 24 44 82 115 130 119 123 125 133 116 103 80 60 75 80 45 82 62 59 52 28 40 16 19 33 55 57 102 119 101 136 122 154 135 125 94 80 57 34 34 30 31 31 36 56 83 71 54 64 24 29 54 47 36 19 11 10 16 16 19 55 50 34 30 16 5 17 19 19 13 6 13 23 23 23 23 18 18 18 20 31 52 44
13 17 49 37 13 13 23 40 40 51 39 15 47 65 78 114 101 108 99 71 90 120 125 93 77 94 74 53 66 68 36 29 27 27 15 15 11 32 62 113 105 146 154 173 189 166 114 109 103 65 52 49 58 65 61 29 37 47 95 66 45 27 25 27 48 85 48 26 17 7 15 16 16 17 33 65 60 49 51 6 6 7 9 22 24 23 23 13 14 15 19 19 50 45 74 53
18 13 31 53 7 7 11 11 18 31 24 30 56 114 101 87 74 89 102 61 71 109 102 98 107 107 76 57 90 67 40 32 28 17 15 14 35 58 88 114 147 148 138 175 149 145 115 104 97 79 56 79 89 81 38 29 39 60 57 56 31 24 26 27 71 77 61 27 17 7 15 15 16 15 22 77 79 67 56 25 19 7 25 25 25 30 23 32 48 48 55 58 55 77 101 94
45 14 12 66 48 21 12 12 12 5 27 73 77 80 71 63 47 71 86 75 70 102 85 80 89 112 88 95 93 65 62 27 15 14 9 13 65 86 112 103 121 122 115 115 133 123 104 93 82 60 93 86 93 102 73 36 31 30 51 78 64 39 27 26 42 56 40 44 24 3 15 15 15 15 15 63 70 55 35 30 22 20 24 26 41 63 67 67 43 53 70 66 88 108 83 82
26 14 5 39 45 22 14 10 33 5 23 36 46 59 43 32 26 47 61 74 50 79 76 59 60 94 99 107 97 87 78 45 24 6 11 13 43 44 48 57 98 84 81 67 83 78 46 44 44 36 83 73 61 64 65 23 27 47 69 71 64 65 40 31 41 28 30 24 16 12 3 15 14 14 13 21 33 57 33 34 27 25 26 12 11 38 37 56 59 56 72 78 85 74 66 45
33 12 11 53 40 28 14 11 10 12 13 16 22 34 38 16 43 79 90 77 52 74 68 46 55 89 85 80 77 64 80 70 68 16 14 10 20 23 17 32 66 61 67 38 64 63 32 18 3 3 28 41 35 58 59 26 22 26 28 46 35 40 36 26 28 17 19 15 16 16 3 16 14 14 14 13 14 35 43 46 31 28 29 24 14 18 17 38 34 61 81 82 61 51 53 43
7 9 38 62 70 49 43 28 10 3 11 13 12 13 11 18 40 68 69 72 40 56 61 39 70 84 79 55 70 44 66 66 60 36 19 14 13 11 10 13 30 38 38 35 48 32 4 4 13 9 3 21 31 31 38 17 24 24 28 23 24 16 15 12 13 13 14 15 16 16 7 10 14 13 13 13 13 13 26 37 59 37 35 32 29 30 31 19 47 67 68 62 64 46 40 50
11 12 17 29 66 52 40 15 10 10 11 20 54 45 53 28 23 49 64 84 52 33 28 28 47 73 57 40 26 24 31 39 69 69 55 30 28 19 12 8 13 9 7 9 10 4 14 13 14 9 3 9 9 15 18 19 24 22 8 3 11 15 12 2 13 14 14 14 17 15 15 3 16 14 13 13 13 12 13 37 50 62 40 25 19 33 35 29 50 70 61 55 30 45 70 66
5 8 21 57 87 63 39 12 10 9 10 11 45 89 83 44 34 56 68 79 44 79 76 50 24 47 50 34 26 18 17 30 53 79 67 64 57 59 53 18 4 17 13 13 4 8 15 14 14 14 2 13 14 15 14 24 10 1 7 13 13 14 13 2 11 13 13 13 15 15 15 3 8 13 13 12 15 12 13 29 59 59 45 23 24 35 35 22 64 47 33 26 48 49 74 93
15 7 5 36 65 88 52 9 8 6 10 9 46 85 68 43 50 55 78 73 50 89 112 60 35 34 22 19 19 43 28 16 38 52 47 73 105 79 77 60 21 18 14 5 6 10 15 20 28 4 13 15 13 13 15 12 3 10 13 13 13 13 14 8 8 13 13 13 13 14 15 14 3 13 11 11 11 12 12 43 71 75 51 32 22 36 36 34 18 21 42 46 84 70 57 99
12 10 9 19 32 58 51 24 1 8 12 32 54 55 73 39 77 57 73 102 76 104 106 96 105 78 77 23 50 79 50 28 13 15 17 42 57 36 25 17 11 13 2 11 12 18 22 43 49 3 12 13 14 9 2 12 11 9 11 13 13 13 13 11 1 12 12 12 14 14 15 14 14 6 12 11 13 18 24 79 56 47 29 24 34 55 49 49 57 38 58 89 112 93 65 112
